15000000
719
16539
17697
20233
20280
154382
191357
208916
247381
312386
313968
314079
314104
314224
314493
362424
497391
497404
560796
563341
598339
599771
599804
599836
599992
599994
649529
711547
714352
714376
782944
857066
1030372
1031234
1031312
1054825
1084738
1086413
1088184
1088482
1197623
1228179
1228703
1270844
1270865
1317980
1600563
1604650
1604691
1604997
1605351
1817291
1852536
1854606
1917269
1917284
1917472
1917582
1953768
2021961
2022031
2022397
2102620
2148068
2219275
2266616
2307693
2307704
2308090
2308201
2309835
2342124
2344629
2344630
2344814
2344835
2405008
2405328
2407016
2499940
2627079
2702459
2702542
2702758
2780276
2780286
2780297
2780421
2805702
3132949
3183554
3188965
3189097
3189125
3245275
3290662
3290663
3290799
3291133
3372098
3372396
3372671
3372774
3386421
3428327
3465468
3540451
3579135
3585892
3590392
3592514
3721885
3729484
3780025
3879242
3879275
3879286
3879341
3879440
3879475
4017530
4047381
4058215
4094309
4116110
4120113
4120166
4201898
4201970
4202111
4202483
4366868
4368755
4368767
4368856
4417893
4417993
4497334
4498780
4498906
4583693
4686674
4711835
4735767
4742625
4822386
4920901
4984420
4984463
4985271
5123056
5191116
5191368
5306714
5306842
5308064
5309629
5450717
5539885
5540074
5540174
5766678
5790137
5866904
5930245
6313994
6427940
6508449
6555418
6555467
6555646
6555675
6611714
6611819
6611907
6611966
6611999
6642987
6661002
6708716
6782476
6782487
6800750
6885978
6941715
6941821
6941875
6943888
6990636
6990679
7143696
7170243
7187650
7255250
7262256
7309979
7393694
7393714
7393730
7393794
7679031
7733735
7813920
7814254
7861343
7988214
7988441
7993707
8082485
8088017
8155549
8157499
8158855
8302531
8342068
8378347
8546506
8546739
8549396
8618776
8689498
8689666
8689676
8689722
8760788
8810296
8810414
9005334
9018312
9018767
9089900
9238218
9317687
9317885
9417897
9418994
9467773
9468075
9468224
9468567
9495900
9498288
9498309
9498561
9498608
9521149
9544522
9569154
9614543
9799953
9828097
9864316
9895674
9895814
9896734
9936543
9957787
9971734
9975378
9975532
9975555
9975774
9975967
10014610
10014670
10014679
10014864
10089830
10089841
10090281
10228306
10243089
10335159
10355176
10722371
10799674
11022209
11101841
11119278
11119612
11121334
11273039
11292869
11603024
11684862
11730019
11741542
11741557
11741645
11823923
11916363
11954915
11956387
11956390
11956400
12060839
12069884
12070022
12070321
12070375
12221659
12366630
12378929
12442599
12559024
12622257
12831913
12833843
12938431
12981194
13036806
13042782
13042845
13042937
13042956
13061514
13155985
13237383
13247590
13265993
13266099
13266482
13301250
13457430
13583360
13689807
13733323
13749571
13773511
13773768
13825725
13848803
13878527
13882381
13882818
13883007
13960506
13984583
14067216
14125904
14185348
14205933
14222922
14276508
14301483
14302821
14334895
14377706
14392360
14392596
14392974
14396626
14438807
14510796
14556106
14759007
14918752
14918909
14919373
14919436
14980770
