15000000
1599
18034
19432
19538
19668
19805
20085
20095
20279
20408
77716
139214
139683
139957
140807
140955
213080
246806
312119
312282
312581
312882
313175
313690
313748
401945
496609
497176
497327
497429
497632
497643
497979
498091
560715
560756
561080
561759
561850
576243
598923
599294
599427
599498
599549
599662
599887
599989
600025
600219
600289
600430
711030
711458
711596
711635
711987
712111
712185
712236
712242
743281
771272
832629
882967
1003254
1011412
1030775
1030919
1030957
1030960
1030998
1031244
1031469
1087314
1087610
1087632
1087773
1087990
1088228
1088240
1088480
1088504
1260658
1271501
1271629
1271709
1271728
1271828
1272016
1272060
1272333
1316069
1317238
1317567
1317763
1317945
1318408
1318807
1448392
1460510
1460781
1460906
1460981
1461380
1461556
1461704
1461706
1510959
1604431
1604463
1604562
1604814
1632103
1663526
1824760
1851941
1852197
1852389
1852435
1853293
1915925
1916575
1917040
1917440
1917772
1917857
1917998
1918084
1918199
1918456
1945307
2022773
2022850
2022880
2022950
2022962
2023164
2023275
2023311
2179575
2255830
2256820
2257389
2258154
2258232
2258751
2300059
2305349
2305556
2305617
2308689
2308842
2309070
2309148
2309221
2309226
2309385
2309443
2309693
2343949
2344263
2344403
2344409
2344599
2344967
2391137
2406329
2406531
2406558
2406654
2406686
2406789
2407056
2407142
2407151
2702051
2702791
2702845
2702897
2703009
2703046
2703109
2703131
2703280
2703458
2776367
2779112
2780824
2780904
2781020
2781520
2781806
2936773
2976668
2977162
3018540
3169361
3186195
3188503
3188630
3188730
3188811
3188826
3189239
3189758
3291406
3291425
3291443
3291455
3291478
3291614
3291745
3291817
3291989
3368073
3372755
3372828
3372927
3373034
3373143
3373183
3373362
3373428
3400169
3424851
3424886
3424938
3425038
3425116
3425151
3588063
3589518
3589685
3589796
3590090
3590149
3590254
3720692
3778115
3779752
3779845
3779904
3780145
3780178
3780342
3780560
3781059
3830148
3850318
3875689
3876617
3877256
3878190
3878364
3879633
3879934
3879945
3943660
4022484
4059439
4059530
4059629
4059976
4059998
4120773
4120774
4120994
4121124
4121239
4121261
4121298
4121328
4121339
4200146
4200178
4200191
4200493
4200498
4200674
4200677
4200678
4200909
4200968
4323609
4368254
4368318
4368386
4368480
4368580
4368701
4369120
4369128
4417641
4417757
4417798
4417930
4417995
4418033
4418059
4418112
4418297
4418402
4418426
4498307
4498480
4498502
4498517
4498571
4498680
4498726
4498820
4498824
4499285
4534568
4579121
4743310
4743353
4743783
4743875
4744376
4744413
4850257
4901724
4983124
4983186
4983219
4983358
4983828
4983929
5037763
5099520
5161997
5188419
5188449
5188567
5188895
5188905
5222557
5223023
5223158
5244895
5245351
5245570
5245619
5245647
5245995
5307392
5307398
5307494
5307535
5307607
5307753
5307756
5307816
5307923
5308032
5401113
5439068
5439687
5439733
5439896
5439935
5440230
5461889
5488641
5538367
5538616
5538656
5538701
5538722
5538994
5539955
5540077
5540438
5540526
5540536
5540563
5635607
5678457
5773056
5788188
5788413
5789095
5789283
5789337
5789384
5789484
5789550
5789560
5789659
5789916
5839001
5940952
5957388
6030039
6078414
6078669
6078755
6078924
6078942
6078943
6079034
6079349
6079363
6307237
6307712
6307929
6308196
6308616
6346891
6377231
6377523
6377523
6377538
6377664
6377706
6448428
6448472
6448636
6448704
6448770
6449191
6504669
6504813
6505009
6505382
6505802
6554974
6555276
6555286
6555302
6555407
6555842
6556120
6556173
6556220
6610469
6610978
6611673
6611857
6612163
6612248
6612396
6612458
6736315
6781636
6781989
6782015
6782061
6782164
6782231
6782360
6782436
6782519
6849441
6884637
6885523
6885573
6885604
6885673
6885755
6885785
6885844
6885904
6885981
6886139
6919843
6941315
6941375
6941458
6941572
6941623
6942249
6942326
6982238
6983044
6989878
6990077
6990181
6990288
6990540
7174135
7209070
7221281
7321479
7393104
7393169
7393247
7393428
7393469
7393710
7393722
7393726
7708294
7814806
7815019
7815044
7815094
7815237
7815424
7815522
7987203
7987362
7987370
7987431
7987500
8078037
8149160
8157022
8157172
8157272
8157288
8157338
8157443
8157629
8157632
8158163
8158375
8342678
8342915
8343031
8343187
8343199
8343207
8343221
8343385
8343537
8343858
8388409
8469268
8471457
8545381
8545724
8545744
8546170
8610180
8684222
8688655
8688979
8689177
8689268
8689522
8689763
8689949
8761767
8761800
8762125
8807642
8808012
8808654
8808856
8809468
8809732
8809974
8809981
8809982
8809982
8810146
8844600
8865088
8890978
8892171
9018995
9019165
9019182
9019235
9019478
9019744
9019993
9054101
9054783
9054854
9055154
9055347
9055515
9148680
9236610
9308267
9317091
9317362
9317618
9317758
9317928
9318102
9318146
9318189
9318249
9318325
9318372
9351854
9418630
9418654
9418697
9418745
9418859
9419019
9419052
9419079
9419099
9419112
9419220
9419412
9465928
9466034
9468763
9468826
9468926
9468927
9469201
9469224
9469239
9497042
9497211
9497408
9497509
9497512
9521483
9522135
9522211
9522235
9522408
9522448
9522970
9523003
9544781
9545210
9545252
9545260
9545319
9545548
9545732
9607103
9626950
9658410
9673177
9754643
9771705
9804460
9891886
9894873
9894917
9895182
9895214
9895576
9941379
9973401
9974117
9975144
9975499
9975856
9975960
9976069
9976081
9976105
9976534
10012879
10013008
10013170
10013355
10013440
10013698
10013864
10014056
10074160
10090437
10090511
10090564
10090594
10090620
10090745
10134463
10253280
10254483
10254845
10255351
10256474
10349627
10349743
10349897
10349909
10349966
10442233
10742999
10765691
10799592
10877163
10888003
10941651
10985965
11117785
11118348
11118754
11120145
11120353
11120848
11120853
11121274
11121513
11191515
11390308
11439738
11482244
11731541
11741759
11742482
11742494
11742563
11742662
11742903
11955042
11955078
11955120
11955149
11955375
11955384
11955416
11955456
11955687
12067374
12067685
12068282
12068583
12069437
12070765
12070780
12070986
12071059
12071060
12203242
12246100
12254926
12367278
12482430
12483008
12588385
12662118
12679892
12739483
12773107
12832212
12833059
12833085
12833171
12833180
12833263
12833328
12833397
12955047
12980709
12981087
12981125
12981125
12981311
12981502
12981581
12981622
12981629
12981979
12982053
13039936
13040368
13041592
13042199
13078882
13079062
13079358
13079517
13080347
13184200
13205626
13265404
13265556
13265604
13265662
13265709
13265768
13266221
13277880
13326299
13456270
13457090
13457558
13458055
13458156
13458313
13458789
13497116
13511585
13675052
13678760
13734309
13734575
13734654
13734836
13734841
13734906
13734947
13735019
13735028
13770416
13770747
13770912
13773393
13773501
13773634
13773880
13836680
13880827
13880968
13881220
13881240
13881265
13881415
13881478
13881480
13882010
13900570
13989306
14035888
14112380
14143198
14336315
14336371
14336566
14336617
14336666
14336683
14336841
14336958
14371272
14391013
14392852
14392926
14392997
14393097
14508149
14509529
14509901
14510457
14510505
14511210
14511483
14511597
14592569
14655855
14714838
14736618
14736701
14736894
14736941
14736944
14737051
14737071
14737078
14737186
14737207
14737477
14760295
14916920
14917541
14917942
14958576
