15000000
553
73926
236178
337356
337738
416085
477067
477108
477844
483605
524604
606158
707683
848222
967736
975053
975413
975434
975826
1090092
1107941
1209052
1268262
1284582
1331836
1706717
1751700
1891336
1909636
1925257
2047656
2100681
2119765
2120749
2120755
2121074
2121153
2185087
2185274
2185470
2185572
2186025
2294641
2295294
2382847
2762932
2762991
2763165
2763236
2763368
2763390
3001050
3070266
3081708
3266949
3392792
3421880
3422338
3422559
3539158
3554499
3554749
3555016
3555319
3763752
3765694
3829678
3918954
3919403
3919837
3959070
3974161
4155308
4187914
4188104
4188203
4188355
4418301
4471464
4471913
4767903
4768523
4777167
4777529
4846874
4945951
4968590
5115319
5191921
5320376
5452136
5472088
5615851
5834376
5860216
5952271
6071939
6072098
6072216
6072233
6072775
6130827
6159042
6198023
6252203
6252257
6252275
6252315
6252460
6341709
6515570
6561968
6579356
6656872
6707247
6736392
6865735
7139668
7139682
7139903
7230281
7230620
7230711
7230804
7385850
7468333
7617649
7650741
7651516
7777842
7790804
7791405
7908212
7908668
7919366
7998813
7998867
7999035
7999517
8019233
8127400
8361189
8374514
8741792
8741899
8791150
8894576
8991114
9130831
9288088
9421730
9430779
9430929
9431181
9431443
9643036
9692075
10047539
10069600
10069685
10098041
10155336
10164242
10164432
10164585
10164611
10201158
10227841
10379546
10379621
10379911
10731811
10908916
10933062
10949302
10949652
10949898
10990694
11102420
11118079
11177323
11215307
11267883
11318238
11434890
11453631
11453748
11611844
11735006
11780123
11780132
11780148
11780378
11780393
11899133
11899184
11899442
11899452
11899615
11914148
11922096
11967438
12031034
12031584
12031753
12031841
12217720
12260809
12322507
12446977
12664645
12729094
12804181
12908999
12961198
12989660
13132851
13301227
13301808
13301993
13472514
13663537
14106787
14124235
14124397
14161151
14219297
14315756
14370486
14406123
14489694
14490067
14490484
14519899
14520687
14667437
14762278
14983627
