15000000
1152
17726
78577
236375
325282
337002
337170
337232
337309
337695
390522
391252
401172
405140
476477
476517
476518
476615
476742
476753
476816
476826
551407
557476
594042
628440
628630
628810
628826
628973
667987
703743
723497
812730
836454
877907
974878
974925
975063
975063
993631
1027401
1032348
1069609
1219403
1267123
1267212
1267271
1267368
1376497
1418696
1566610
1582113
1599885
1601770
1628229
1628927
1629113
1682295
1682791
1857859
1858104
1858632
2024455
2083730
2120761
2121099
2121182
2121274
2121317
2121421
2184427
2184920
2184965
2252408
2313456
2334165
2431582
2440233
2440629
2440712
2440947
2587776
2588196
2610094
2761492
2761796
2762076
2763315
2763321
2763461
2866399
2911985
3026464
3029075
3029115
3029306
3029633
3029652
3092881
3247338
3317783
3318037
3318216
3350079
3364064
3388613
3422426
3422516
3422516
3422546
3422737
3422851
3553021
3553236
3553360
3553487
3581819
3673774
3765953
3766109
3766207
3766269
3766404
3766474
3919695
3919818
3919996
3920066
3920350
3920392
3942102
4006571
4082835
4146765
4187200
4187294
4187308
4187445
4187471
4187491
4187537
4187617
4187906
4566704
4567132
4567241
4567569
4607174
4623235
4654116
4776923
4777109
4777132
4777303
4777375
4778093
5056081
5126751
5170241
5190361
5190931
5190934
5191165
5192312
5217578
5355356
5395115
5411181
5525731
5608425
5690739
5694022
5718773
5770269
5860858
5860976
5861935
5862768
5974511
6071385
6071420
6071812
6072112
6072645
6157407
6251771
6251807
6251998
6252144
6354521
6474850
6536427
6542318
6582105
6606488
6611743
6827431
6842215
6903812
6933453
7139613
7140059
7140708
7140905
7217690
7228743
7228810
7228855
7229273
7265960
7320032
7386206
7504726
7559695
7559724
7559755
7559981
7792375
7792731
7794252
7794278
7794428
7871973
7911072
7911246
7911420
7911459
7957143
7997583
7997743
7997867
7998841
7998902
8014867
8041447
8076696
8076708
8076816
8076878
8077085
8104779
8176709
8291538
8308791
8390628
8509295
8590492
8720651
8740441
8740514
8740759
8740799
8741857
8742106
8742114
8742337
8759119
8790082
8893494
8893510
8893549
8893754
9302185
9325118
9383523
9429473
9430921
9430950
9431091
9431306
9494518
9536946
9601820
9783179
9920041
9993852
9997202
9997605
10069710
10070335
10079327
10079459
10163952
10164103
10164149
10164254
10164318
10164334
10164564
10164791
10188251
10227176
10227385
10227426
10227538
10266174
10339131
10363730
10378384
10378395
10378407
10378551
10378602
10378650
10379784
10452938
10472986
10505049
10563198
10579399
10614319
10665818
10694947
10769915
10814497
10814777
10815902
10949795
10949818
10949840
10949937
10950018
10950082
10950087
10950367
10980585
11054523
11064986
11115490
11116325
11116466
11163021
11205154
11450366
11453744
11453982
11454042
11484418
11518895
11519199
11773034
11779876
11780092
11780130
11780229
11806385
11844241
11845206
11889636
11897611
11897712
11899167
11899319
12017694
12018518
12018895
12031201
12031375
12031379
12031385
12031398
12031569
12031630
12031769
12052931
12143619
12264783
12507605
12509771
12597430
12661141
12661839
12680870
12729850
12730124
12874984
12912889
13016130
13067451
13067847
13086861
13268191
13268463
13302198
13302599
13302754
13302903
13302996
13303065
13386828
13415594
13416169
13416430
13416891
13417336
13473833
13473999
13474037
13474210
13507752
13749745
13834086
13855837
13871713
14043872
14072865
14103277
14119176
14122895
14124173
14125430
14125461
14264246
14289439
14362064
14362532
14389767
14487731
14488013
14488035
14488322
14490559
14490809
14490890
14627918
14661036
14714028
14714112
14714171
14714364
14886232
14984584
