15000000
2399
18391
18657
19209
19685
20008
20080
20195
20270
20446
20516
20625
20657
20725
78385
78626
78648
78909
139457
139624
139863
139889
140177
140711
186271
213709
312431
312471
312576
312612
312649
312656
312712
312964
313722
313805
313805
384982
490418
497384
497461
497551
497554
497558
497616
497628
497703
497709
497710
497736
497864
497875
498065
498087
535501
560128
560927
560944
560970
561062
561146
561149
561267
561400
561492
562761
598483
598538
598681
598740
598974
599943
599963
599987
600007
600007
600089
600107
600146
600148
600191
600253
600363
711604
711648
711662
711739
711744
711777
711847
711889
711965
711967
712247
862986
880459
1012614
1024452
1030884
1030923
1030952
1031004
1031219
1031277
1031334
1031355
1031413
1031415
1031459
1031588
1031780
1055258
1086516
1086638
1086767
1086802
1086902
1088050
1088095
1088423
1088650
1088735
1210596
1229344
1267924
1271166
1271214
1271243
1271442
1272181
1272194
1272233
1272247
1272294
1272408
1272452
1306859
1316690
1317316
1317383
1317638
1317681
1318088
1318288
1318373
1318529
1318742
1358231
1419592
1448908
1460778
1460869
1460937
1461031
1461063
1461165
1461241
1461389
1461443
1461543
1462385
1509226
1511407
1511848
1603095
1603116
1603385
1603751
1604742
1604743
1604802
1604817
1604858
1605033
1652486
1653025
1765598
1792562
1834508
1852451
1852571
1852610
1852707
1852995
1853039
1898200
1898810
1917289
1917313
1917378
1917489
1917508
1917523
1917544
1917636
1917685
1917847
1918060
1918127
1939230
2022254
2022363
2022589
2022847
2022967
2023043
2023093
2023322
2023347
2023365
2023503
2023528
2023581
2023803
2043105
2187056
2219971
2220598
2257478
2257555
2258512
2258610
2258657
2258719
2258951
2258997
2305919
2305930
2306890
2307926
2308051
2308061
2308145
2309311
2309437
2309645
2309724
2310015
2342851
2343244
2343410
2344049
2344106
2344283
2344489
2344524
2344663
2344767
2344881
2345042
2406216
2406415
2406578
2406807
2406820
2406855
2406914
2407017
2407058
2407060
2407077
2407145
2407177
2407200
2407377
2407559
2631545
2701279
2701493
2701658
2701889
2702575
2702688
2702771
2703082
2703110
2703236
2703242
2703374
2703393
2737471
2777833
2778124
2778343
2778537
2778729
2780471
2780473
2780680
2804819
2809946
2854303
2914506
3170060
3170166
3170287
3170603
3170792
3186843
3186900
3187203
3187224
3187336
3188891
3188961
3188987
3189068
3189087
3189120
3189202
3189204
3240273
3280681
3290886
3290939
3290997
3291026
3291102
3291610
3291686
3291688
3291756
3291786
3291792
3291814
3291966
3372288
3372301
3372401
3372449
3372479
3372572
3372651
3372677
3372897
3372905
3373042
3373111
3373318
3373325
3373460
3400712
3425116
3425140
3425179
3425263
3425272
3425300
3425328
3471823
3510667
3532623
3586049
3590077
3590105
3590192
3590235
3590316
3590344
3590381
3590464
3590510
3590515
3590704
3693465
3778056
3778429
3778451
3779964
3779996
3780007
3780205
3780262
3780266
3780318
3780343
3780405
3780420
3877603
3877643
3877864
3878062
3878604
3878804
3879480
3879921
3880047
3972756
4058582
4058655
4058861
4059089
4059884
4060078
4079881
4120362
4120496
4120608
4120709
4120740
4120809
4120881
4120956
4120971
4120987
4121025
4121316
4135549
4200306
4200649
4200664
4200796
4200858
4200940
4200972
4201139
4201152
4201243
4201390
4354565
4368184
4368236
4368522
4368605
4368647
4368777
4368801
4368906
4368944
4368955
4369011
4369037
4369061
4369111
4369155
4417659
4417678
4417701
4417751
4417821
4417934
4417951
4418090
4418165
4418191
4418211
4418240
4418325
4418368
4418381
4418519
4454748
4498430
4498509
4498526
4498546
4498647
4498664
4498699
4498704
4498854
4498901
4498912
4498974
4499043
4499068
4499120
4661909
4741985
4742005
4742225
4742490
4743802
4743941
4743966
4744025
4744171
4744367
4744589
4922180
4982282
4982456
4982503
4982587
4983501
4983594
4983651
4983830
5000263
5100218
5123943
5141090
5187735
5188652
5188813
5188899
5189030
5189049
5189092
5189162
5223098
5223384
5223529
5223653
5245762
5245959
5245968
5246101
5246124
5246140
5246273
5277771
5306884
5306895
5307001
5307027
5307178
5307390
5307556
5307873
5307908
5307971
5308013
5308028
5308042
5308397
5308414
5353770
5439480
5439607
5439781
5439998
5440095
5440139
5440158
5469963
5496917
5538893
5538895
5539048
5539136
5539178
5539226
5539392
5539527
5540101
5540129
5540318
5541192
5678928
5725706
5788705
5788957
5789067
5789081
5789255
5789272
5789289
5789562
5789678
5789695
5789720
5789749
5789809
5789834
5789852
5790083
5790098
5820945
6019312
6030504
6078882
6078955
6078956
6079060
6079151
6079165
6079275
6079375
6079556
6079730
6137530
6177150
6219415
6307959
6308036
6308043
6308044
6308203
6308274
6308402
6308535
6308688
6358437
6377708
6377714
6377886
6377912
6377916
6377932
6377988
6378112
6378187
6378190
6378524
6429869
6447848
6447862
6447885
6448039
6448041
6448942
6449085
6449600
6472855
6505283
6505342
6505547
6505616
6505900
6505933
6506147
6506227
6506301
6506678
6555513
6555542
6555555
6555606
6555633
6555669
6555705
6555763
6555790
6555795
6555840
6555966
6556179
6556210
6556220
6608202
6608521
6611378
6611463
6611603
6611931
6612056
6612116
6612201
6612223
6612354
6612458
6612628
6704410
6782287
6782307
6782343
6782345
6782352
6782363
6782427
6782482
6782487
6782494
6782505
6782627
6782651
6782878
6802116
6854993
6855215
6855583
6885295
6885440
6885558
6885599
6885679
6885716
6885734
6885739
6885794
6885828
6885864
6885912
6885956
6886012
6886020
6886041
6886162
6886204
6886263
6886525
6941439
6941459
6941510
6941682
6941740
6941746
6941796
6941807
6941929
6941987
6941995
6942013
6990198
6990216
6990399
6990445
6990498
6990542
6990611
6990615
6990681
6990797
6990818
6990836
6990893
7072368
7081350
7380681
7393329
7393501
7393610
7393653
7393662
7393753
7393759
7393803
7393826
7393839
7393846
7393850
7393852
7393956
7393957
7393960
7393999
7454651
7534953
7770114
7814193
7814293
7814542
7814748
7815192
7815270
7815334
7815684
7815685
7854708
7882799
7905513
7986060
7986333
7986338
7986512
7987486
7987486
7987551
7987593
7987893
7988023
8102693
8156240
8156427
8157435
8157551
8157563
8157610
8157650
8157715
8157781
8157803
8157812
8157836
8157875
8157904
8213689
8338143
8342961
8343128
8343141
8343298
8343304
8343379
8343404
8343416
8343527
8343589
8343640
8343704
8343869
8389105
8469693
8499396
8546001
8546110
8546248
8546272
8546595
8546752
8547103
8566323
8590279
8656123
8685708
8687991
8688195
8688435
8688476
8688808
8689853
8689863
8689975
8689978
8761987
8762059
8762402
8808646
8808900
8809029
8809698
8809923
8809952
8810077
8810106
8810171
8810209
8810377
8810483
8810698
9011169
9019197
9019354
9019364
9019530
9019561
9019671
9019745
9020247
9054972
9055082
9055138
9055290
9055423
9055540
9163575
9317487
9317774
9317832
9317857
9317865
9317936
9318029
9318048
9318290
9318298
9318405
9318431
9318727
9417325
9418508
9418657
9418664
9418800
9418807
9418901
9418912
9419016
9419164
9419174
9419195
9419237
9419367
9419386
9419445
9466657
9467119
9467464
9468242
9468835
9469107
9469337
9469565
9497508
9497533
9497540
9497559
9497660
9497671
9497685
9497837
9497867
9497967
9498002
9498210
9522477
9522534
9522536
9522585
9522634
9522634
9522660
9522722
9522741
9522765
9522789
9522874
9522987
9523032
9523215
9544837
9544851
9544868
9544868
9545012
9545041
9545094
9545264
9545458
9545488
9545616
9596615
9596777
9627453
9755522
9805221
9894119
9894699
9894828
9895064
9895088
9895095
9895413
9895425
9895464
9895584
9918341
9973504
9973945
9974287
9974353
9974670
9975479
9975525
9975538
9975669
9975700
9975702
9975749
9976300
9976346
9976405
9976463
9976559
10013469
10013536
10013560
10013770
10013795
10013851
10013921
10013957
10013987
10014082
10014147
10014373
10075309
10090219
10090368
10090399
10090472
10090657
10090794
10090798
10090953
10090968
10091016
10091132
10091364
10160996
10255703
10256025
10256378
10256925
10257306
10294803
10295717
10349926
10349961
10349975
10350059
10350088
10350094
10350177
10350183
10350288
10350369
10412245
10658309
10800299
10801341
10816579
10844012
10888961
10926758
11034199
11052026
11118635
11118907
11119454
11119461
11119527
11119561
11119750
11272013
11330584
11377343
11414008
11432185
11482907
11594095
11597948
11604887
11606936
11741502
11741613
11741697
11741735
11741764
11741946
11742739
11743293
11743344
11743507
11884161
11916844
11917049
11917795
11954190
11954196
11954348
11954458
11955080
11955216
11955244
11955271
11955352
11955392
11955513
11955704
11955743
11955765
12046288
12068851
12068997
12069248
12069285
12070319
12070435
12070445
12070525
12070537
12070690
12070914
12160224
12179496
12203940
12246659
12255501
12304001
12304361
12338202
12670573
12729967
12832310
12832329
12832415
12832502
12832599
12832780
12832855
12832887
12833231
12833234
12833313
12833727
12908789
12909088
12981237
12981301
12981403
12981472
12981491
12981521
12981532
12981657
12981692
12981702
12981764
12981858
13040449
13040896
13041041
13041264
13041401
13042964
13043088
13043244
13043258
13079317
13079423
13079454
13079455
13079647
13079667
13079757
13079849
13080204
13114404
13161627
13184996
13265604
13265608
13265620
13265753
13265853
13265901
13265903
13266024
13266053
13266098
13266124
13266179
13266220
13266390
13303604
13354677
13355499
13387097
13450835
13456741
13457039
13457092
13457369
13457413
13457502
13457744
13457856
13457999
13458621
13498238
13499649
13517640
13538572
13734797
13734919
13734955
13735030
13735047
13735055
13735081
13735106
13735156
13735177
13735202
13735205
13735415
13735504
13771217
13771538
13771765
13773396
13773530
13773546
13773558
13773645
13773651
13773677
13773678
13773789
13773809
13773881
13831740
13837238
13837579
13837836
13853721
13880824
13880869
13881033
13881126
13881172
13881268
13881378
13881430
13881489
13881623
13881693
14113302
14214677
14217024
14336576
14336738
14336757
14336825
14336841
14336935
14336958
14337044
14337087
14337106
14337287
14337324
14372062
14379534
14392336
14392453
14392531
14392671
14392717
14392807
14393164
14393210
14510723
14510775
14510890
14510931
14510933
14511029
14511117
14511785
14511925
14511992
14512055
14614684
14715353
14715675
14736712
14736836
14736891
14736994
14737186
14737186
14737194
14737349
14737360
14737368
14737409
14737419
14737453
14737533
14737555
14737577
14737584
14768882
14916802
14917038
14917183
14917260
14918097
14918300
14940439
