15000000
599
18367
78301
125948
335168
335525
335928
337222
404679
413872
414645
475916
476221
476277
476727
586327
667488
672758
699672
716017
753108
785215
821475
951428
974320
974631
1097458
1265521
1288906
1375843
1387144
1418424
1581289
1639361
1664226
1683443
1784370
2121669
2184666
2184717
2185648
2353963
2420072
2439590
2533928
2586566
2761467
2761635
2762048
3007124
3025433
3025844
3155379
3422693
3452486
3548644
3825552
3888516
3917265
4001242
4048304
4049973
4117655
4186961
4186967
4187237
4187281
4208609
4230099
4442900
4777865
4778220
4834561
4922555
5189486
5189830
5190277
5219156
5354609
5595935
5695037
5855336
5890902
6003045
6015568
6070665
6071088
6071351
6071441
6112010
6250675
6251709
6394639
6475594
6542195
6585201
6611784
6849446
6903367
6991314
7140458
7151622
7189569
7228630
7228646
7228829
7228945
7334534
7359862
7437501
7557525
7557847
7620126
7677329
7798549
7909908
7910626
7912614
7997643
7997691
8034178
8071298
8075502
8182945
8209832
8243538
8399737
8420262
8453060
8541483
8625885
8660448
8700867
8740119
8740525
8741013
8742184
8742437
8742473
8892195
9017006
9027168
9133547
9268712
9362399
9437260
9540936
9638766
9708792
9782300
9889035
9889202
9992897
10079100
10163104
10163287
10163431
10163592
10187047
10216432
10313750
10377529
10377936
10378130
10378416
10461593
10595693
10649773
10748446
10785054
10882570
10949608
10949776
10949872
10950060
10996313
11060508
11323935
11366501
11425289
11651143
11716659
11752096
11782144
11782316
11782463
11782554
11877013
11899926
12030622
12030632
12030892
12030901
12031417
12052185
12076067
12319468
12383445
12496060
12623307
12660668
12730324
12820865
12848552
13015570
13066865
13069921
13070242
13153712
13236848
13267849
13301808
13303478
13304109
13330647
13359778
13475131
13986542
14118192
14125019
14125214
14125345
14125620
14289217
14323427
14363251
14487418
14490465
14520606
14599892
14624237
14713634
14745536
14875037
14984138
