15000000
1392
19677
19688
19766
19768
19808
20004
20056
20146
78256
95002
139368
139549
139668
139757
184778
215101
311898
312369
313590
313690
313747
313845
313874
314234
402969
455940
497391
497546
497569
497695
497704
497956
560702
560818
560903
560949
563135
597988
598075
598229
598266
600043
600318
600359
600425
600428
600526
670323
712045
712124
712132
712152
712308
712324
712386
743222
743557
744093
967211
967881
968661
1031078
1031133
1031202
1031243
1031358
1070430
1086139
1086264
1086544
1086594
1088313
1088898
1155127
1272133
1272152
1272160
1272242
1272436
1272541
1272671
1308500
1317819
1317882
1318064
1318094
1318221
1370169
1402760
1460984
1461105
1461113
1461135
1461192
1511426
1604550
1604601
1604602
1604651
1604715
1604752
1632593
1650533
1752535
1792454
1852452
1852556
1852695
1852988
1907782
1917618
1917636
1917661
1918154
1918406
1958993
2022831
2022931
2022979
2022985
2023154
2023179
2023476
2078912
2182962
2230001
2258092
2258437
2258584
2258674
2258914
2305918
2306156
2306325
2309222
2309329
2309348
2309453
2309630
2309637
2343595
2344549
2344622
2344785
2344932
2365263
2406801
2406821
2406841
2406865
2406931
2407027
2407047
2407079
2592544
2624244
2701347
2701473
2701609
2701764
2703171
2703194
2703359
2703382
2703806
2704474
2736091
2778156
2781105
2781253
2781487
2797674
2825149
2971958
3039518
3076630
3169659
3185842
3189029
3189159
3189196
3189249
3189255
3189291
3189417
3189436
3268021
3286069
3291549
3291625
3291633
3291683
3291784
3291853
3291923
3372289
3372771
3425191
3425252
3425359
3425361
3425463
3425640
3425648
3525688
3588611
3590234
3590245
3590311
3590434
3591283
3605715
3704380
3713408
3725035
3780105
3780108
3780174
3780264
3780490
3798375
3828673
3878176
3878387
3878462
3878718
3880340
3921295
3952893
3999847
4040969
4059401
4059864
4060150
4121408
4121436
4121623
4121666
4131804
4200565
4200572
4200645
4200646
4200713
4200798
4200808
4200830
4200844
4289824
4310677
4324257
4368505
4368514
4368630
4368643
4368661
4368844
4368954
4392319
4417597
4417809
4417989
4418002
4418185
4418186
4460640
4471382
4498670
4498721
4498731
4498766
4498781
4498821
4498975
4498987
4499062
4743280
4743514
4743534
4743547
4757292
4889774
4983202
4983232
4983346
4983512
5099860
5162576
5173379
5189124
5189163
5189345
5211742
5225395
5245878
5245957
5246005
5286486
5305623
5306718
5307779
5307889
5307935
5307948
5351366
5405156
5429325
5440081
5440091
5440161
5440174
5440205
5440333
5440370
5538832
5538920
5538948
5539040
5539090
5626065
5789012
5789055
5789269
5789289
5789398
5789531
5789537
5789554
5789733
5832997
5906276
5965266
6035824
6079025
6079135
6079159
6079166
6079198
6079259
6079319
6079432
6182242
6204307
6289201
6307894
6307910
6308102
6308265
6308406
6322945
6341963
6377800
6377814
6377821
6377857
6377969
6378089
6446641
6448486
6448635
6448655
6448783
6465175
6505122
6505363
6505368
6505384
6552868
6555487
6555619
6555770
6555987
6611957
6613038
6613180
6613259
6613333
6782183
6782354
6782362
6782464
6782787
6885727
6885744
6885761
6885765
6885769
6885867
6885885
6885900
6885916
6886019
6941570
6941603
6941743
6941768
6941869
6990361
6990497
6990498
6990518
6990529
6990665
6990741
7052472
7175000
7322422
7393693
7393738
7393745
7393752
7393806
7393871
7393873
7393881
7432243
7467393
7545476
7561705
7594454
7814645
7815013
7815282
7815362
7815538
7815649
7838962
7987148
7987166
7987175
7987288
7987306
7987621
8007425
8079733
8157318
8157369
8157522
8157549
8157581
8252249
8252769
8343220
8343271
8343363
8343421
8343479
8343510
8343709
8545986
8546430
8546672
8570631
8586111
8604358
8688305
8688409
8688466
8688563
8690205
8690562
8690621
8762044
8762269
8762474
8762515
8762773
8808212
8808589
8809690
8809810
8810103
8810241
8810244
8810276
8810359
8892764
8893091
9008685
9019480
9019537
9019571
9019578
9019658
9019682
9019705
9019735
9054585
9055144
9055188
9055281
9127856
9187492
9236881
9237609
9237957
9318144
9318172
9318306
9318314
9318320
9318400
9318500
9318514
9418985
9418988
9419058
9419064
9419112
9419190
9419237
9419245
9419330
9447006
9466292
9466420
9468756
9468789
9469107
9469242
9469342
9469451
9497379
9497484
9497606
9497643
9522493
9522519
9522607
9522624
9522672
9522733
9522985
9523171
9544602
9544827
9544853
9545601
9659015
9684477
9762570
9842972
9893457
9894373
9894768
9894891
9894894
9960696
9974157
9974159
9974318
9974321
9974459
9976538
9976781
10013637
10013768
10013782
10013856
10013920
10013971
10014025
10090604
10090659
10091041
10134968
10256600
10257865
10258033
10258218
10349737
10349884
10349910
10350066
10366693
10442466
10442795
10526751
10631168
10743330
10766165
10791178
10845520
10922980
10987836
11118801
11119100
11119183
11120347
11120924
11121223
11185019
11292894
11408352
11436419
11604135
11714258
11742712
11742763
11742785
11742849
11742931
11743064
11743077
11743333
11776211
11955203
11955344
11955413
11955451
11955489
11955550
12026975
12068231
12068519
12069148
12069597
12070495
12071187
12122404
12203587
12226891
12246669
12423623
12544787
12588583
12705205
12825295
12831939
12832204
12833315
12833396
12833511
12847738
12981359
12981412
12981456
12981487
12981558
12981587
12981626
12981804
12981836
13042629
13042726
13042782
13042850
13042909
13079129
13079162
13079321
13079451
13079488
13265794
13265805
13265884
13265896
13265961
13266021
13266071
13410761
13458281
13458285
13458294
13458424
13458430
13458450
13458455
13458618
13474034
13554665
13623541
13700372
13734709
13734728
13734733
13734906
13735130
13771087
13771276
13773528
13773774
13774131
13774491
13881378
13881402
13881432
13881515
13881863
13924060
14023767
14055428
14079157
14111682
14175090
14191755
14297605
14336153
14336287
14336457
14336598
14393005
14393037
14393078
14393134
14393271
14433350
14441087
14498539
14501446
14501574
14502090
14510797
14511476
14511595
14511764
14620154
14632235
14656440
14737108
14737113
14737130
14737179
14737191
14737250
14737257
14737281
14737300
14737354
14737357
14816796
14832565
14917342
14917354
14917525
14917609
14966903
