15000000
2079
98703
103296
103376
103429
103500
147395
147483
147513
147527
147618
147639
147683
147686
147827
147921
184961
184971
185466
185553
186148
186406
186699
187010
332155
332573
332763
332803
332826
418835
419204
419385
419430
419584
420335
420343
420548
420633
420807
446410
520363
520449
520451
520604
520613
520860
520941
520974
521194
584671
585355
585417
585466
585478
585611
585622
585661
585768
654664
705880
726354
758543
759504
759921
760249
760271
760413
760439
760485
836852
972809
1062206
1063308
1063516
1064110
1099033
1099245
1099262
1099373
1099505
1100258
1100275
1100402
1167037
1168463
1168464
1168626
1168671
1209144
1271840
1271957
1271978
1272202
1272285
1305606
1341309
1341328
1341343
1341411
1341562
1341566
1414153
1491517
1491537
1491560
1491604
1491741
1491750
1491755
1491765
1491803
1554202
1557784
1557846
1557887
1557987
1682961
1683098
1683158
1683304
1683358
1683367
1683426
1683508
1684551
1733882
1734312
1734365
1734887
1734949
1814388
1814426
1814609
1815904
1880749
1881284
1897470
1897481
1897516
1897554
1897586
1897674
1897741
1897805
1919906
1952768
1998647
1998768
1998832
1998844
1998930
1998948
1999064
2037306
2037493
2038397
2038519
2038523
2038667
2038723
2038761
2038792
2083982
2137771
2197097
2197126
2197181
2197333
2197397
2197420
2198187
2312574
2312636
2312639
2312671
2312753
2312785
2312798
2312944
2376379
2484273
2491488
2506837
2528435
2529040
2529059
2529119
2529186
2529221
2529233
2529234
2529465
2529467
2529655
2551801
2591808
2591867
2591918
2592026
2593227
2629680
2665377
2665398
2665411
2665418
2666199
2666333
2666421
2680127
2815088
2815832
2852472
2897713
2897736
2897744
2897793
2897858
2897876
2897982
2897985
2898089
2914594
2972499
2972509
2972674
3021291
3021342
3021519
3021597
3046359
3071815
3072571
3072730
3072775
3072878
3073010
3073043
3073190
3235108
3288496
3288534
3288598
3288599
3288612
3288624
3288724
3288728
3288738
3288933
3342770
3343286
3343449
3343623
3343625
3343712
3343725
3343764
3343779
3343914
3367167
3369131
3369223
3369252
3369344
3369492
3369498
3369521
3369632
3456922
3472092
3543903
3582332
3647579
3713135
3731747
3782224
3815022
3815118
3815121
3815235
3848404
3848583
3848646
3848795
3879719
3900912
3952761
3961884
3962116
3962160
3962432
3962829
4073920
4074233
4074290
4074359
4074439
4074552
4074592
4075165
4075362
4145946
4147901
4147950
4148082
4149693
4149794
4149923
4149957
4284992
4306990
4307008
4307010
4307014
4307015
4307131
4307138
4307156
4439518
4464832
4465089
4465533
4467303
4467629
4468032
4468131
4468147
4468171
4484417
4484831
4757169
4757452
4757464
4757474
4757493
4757821
4757838
4805892
4844930
4888901
4958294
5038319
5200730
5230256
5241683
5338659
5351561
5351567
5351677
5351699
5351859
5351879
5372156
5372320
5372377
5372500
5372509
5513784
5514336
5514454
5514501
5514675
5567001
5571408
5610749
5610892
5611020
5611138
5680462
5683037
5683113
5683213
5683236
5683236
5683304
5683334
5683394
5683443
5683544
5749926
5826263
5857866
5922650
5922844
5923892
5923970
5924022
5924226
5924403
5964088
6022646
6023050
6023167
6023460
6023532
6023559
6023675
6023719
6024163
6041315
6072239
6072419
6072420
6072512
6072542
6072587
6072629
6210164
6210676
6210677
6339560
6349349
6384989
6385089
6385189
6385214
6499416
6520014
6520349
6522802
6523104
6523197
6523220
6523256
6523396
6523484
6523493
6524164
6587500
6588168
6588228
6588238
6588317
6588362
6588388
6588540
6589257
6627254
6629597
6689548
6689571
6689653
6689793
6689839
6689958
6888461
6888501
6888613
6889285
6889377
6889525
6921372
6971390
6971525
6971581
6971593
6972156
6972261
6972367
6972397
7061668
7080785
7101756
7101815
7101939
7102793
7103114
7140378
7182396
7182441
7182517
7182809
7206315
7220289
7221614
7222073
7222319
7222666
7222700
7222772
7359077
7360141
7360258
7360299
7360495
7499667
7501853
7501915
7502219
7502235
7502287
7502340
7502375
7551784
7552133
7552294
7552408
7598610
7598623
7598627
7598663
7598666
7598775
7598830
7598851
7599020
7675858
7700165
7700530
7700641
7700684
7700813
7700877
7700945
7744988
7745039
7745182
7745309
7745363
7745367
7770983
7776063
7786554
7815054
7850149
7940265
7940655
7960704
7960801
7960918
7960919
7960957
7961034
8001746
8001770
8002149
8002235
8002390
8002483
8002487
8082420
8134831
8207585
8207601
8207604
8207801
8207872
8208100
8208259
8208646
8276862
8276888
8276989
8277152
8277160
8277173
8277207
8364183
8364420
8364484
8365707
8409075
8409186
8452197
8537440
8606810
8607981
8608071
8608269
8609148
8609683
8682861
8683096
8683124
8683288
8741587
8828562
8828823
8874692
8954835
9011867
9012133
9012151
9012207
9012486
9012503
9012510
9012633
9052876
9221853
9222098
9222237
9222412
9349240
9365567
9366010
9366122
9367305
9367550
9503982
9504109
9504229
9504461
9504526
9504694
9505615
9520919
9563196
9612701
9613375
9647080
9649984
9650241
9650765
9650881
9651327
9651400
9651490
9651568
9651625
9651663
9762648
9763170
9763635
9764753
9764995
9765033
9765039
9765098
9787055
9787190
9787230
9787250
9787400
9787448
9854174
9909977
9929119
9929120
9929150
9929221
9929409
9929440
9929526
9929674
9953075
10010654
10010801
10010883
10011591
10039474
10255267
10255359
10255453
10256224
10256301
10256452
10256926
10278349
10325123
10364593
10406050
10406618
10406868
10407106
10407634
10407648
10407678
10407692
10407827
10407840
10407866
10430002
10468403
10469009
10469109
10470534
10470551
10470665
10470697
10470709
10470778
10604042
10619355
10650370
10650430
10650633
10650651
10650729
10650779
10650908
10651693
10651797
10696662
10696803
10696914
10697309
10697598
10698574
10698674
10735534
10735785
10735834
10735918
10736851
10808305
10901000
10901107
10901148
10901253
10901277
10901796
11033524
11136384
11136760
11136783
11136797
11136938
11136939
11137058
11137132
11137277
11166280
11236943
11237031
11237074
11237315
11237390
11330791
11332195
11332624
11332628
11332673
11420336
11502802
11503064
11503762
11504531
11504755
11592294
11592334
11592380
11592390
11592904
11592913
11592961
11593064
11593066
11593175
11660794
11775624
11851094
11852352
11852627
11852810
11852957
11853192
11853259
11853316
11854311
11905065
11942281
12039106
12039284
12039405
12039480
12039934
12039953
12039971
12040098
12040231
12040403
12080453
12080467
12080582
12080682
12080743
12152600
12168008
12168364
12168451
12168463
12168544
12168568
12168601
12168695
12168787
12168859
12168989
12224421
12225379
12281674
12281754
12282829
12282855
12282860
12282895
12282917
12283032
12283088
12283132
12343537
12343614
12343723
12343743
12343817
12344637
12344704
12383808
12385430
12385524
12386150
12508261
12508275
12508377
12508413
12594233
12689508
12689513
12689859
12689920
12690309
12690361
12691372
12738984
12833869
12834445
12834500
12834717
12834811
12871678
12871872
12872272
12872788
12872796
12872857
12872963
12873509
12873543
12873849
12938708
12938838
12939327
12939458
12939683
12939838
12939891
12939892
12939908
13057156
13057193
13057331
13057340
13057375
13057380
13057452
13057549
13111318
13111482
13111532
13111626
13111629
13111709
13111715
13111740
13163998
13220500
13397687
13430272
13433048
13433937
13434087
13434091
13434573
13464092
13464213
13464220
13464401
13464517
13464732
13496908
13583948
13611164
13643156
13662461
13662939
13663115
13663139
13663321
13663440
13663443
13663469
13663513
13663763
13739296
13740503
13740775
13741344
13741830
13742133
13765799
13783354
13783372
13783461
13783499
13783508
13783574
13783653
13783667
13783832
13812382
13812407
13812451
13812541
13812592
13812618
13847544
13847581
13847617
13847871
13848043
13848101
13848104
13849299
13849530
13881352
13881798
13882516
13882541
13882608
13882713
13882720
13882796
13882934
13956489
14021665
14021766
14021887
14021931
14021946
14021990
14022017
14022153
14022158
14022277
14052002
14084471
14084881
14084911
14085005
14085144
14085223
14148372
14148409
14148414
14148443
14148446
14148542
14148544
14148562
14148618
14148733
14148908
14149040
14149102
14179335
14226643
14249365
14250599
14250604
14250998
14251332
14252164
14252165
14365307
14446591
14462621
14462748
14462826
14463022
14463040
14463096
14463102
14463115
14463227
14518803
14546318
14546784
14546807
14547442
14547721
14547937
14568648
14598429
14615661
14630012
14630016
14630039
14630068
14630076
14630173
14630195
14630204
14630299
14678321
14678337
14678364
14678382
14678497
14678505
14723177
14743166
14749608
14749640
14749641
14749704
14749708
14749740
14749752
14749926
14750052
14750088
14772391
14825596
14866442
14868059
14873751
14873782
14873817
14873842
14873907
14873983
14873993
14943331
14944282
14944282
14944423
14944447
14944465
14944521
14944724
14944756
14944856
14963816
