15000000
3884
21318
28651
103148
103173
103245
103386
103488
103513
103603
103620
103765
103838
104007
136263
145671
145745
146545
146907
147681
147750
147843
147895
147950
148000
148078
148105
148117
148183
148227
148283
185946
185977
186004
186020
186027
186088
186182
186187
186192
186197
186377
186422
186499
186500
186657
186661
186813
186850
186862
186998
332117
332201
332345
332366
332496
332505
332558
332618
332651
332660
332674
332691
332742
332761
332800
332822
332883
332910
333290
419105
419426
419481
419486
419516
419586
419796
419852
419961
519831
519947
520049
520212
520650
520728
520770
520813
520874
520889
521020
521047
521077
521172
521189
521259
585166
585320
585558
585649
585688
585707
585753
585764
585795
585828
585838
585839
585939
586020
586028
629353
755431
756186
757475
759279
759508
759647
759674
759726
759853
760076
760310
760700
802565
827588
911611
959369
990283
1014645
1063311
1063388
1063406
1063593
1063620
1063748
1063823
1063864
1063880
1063881
1063905
1064026
1064060
1064077
1064122
1099447
1099465
1099478
1099563
1099582
1099619
1099640
1099684
1099751
1099791
1099903
1099913
1100031
1100090
1100128
1100272
1129512
1167724
1167815
1167852
1167947
1168056
1168059
1168101
1168251
1168262
1168410
1168701
1168811
1168911
1168920
1168977
1169067
1169080
1169100
1169134
1271767
1271803
1271946
1271994
1272076
1272100
1272125
1272281
1272295
1272381
1272440
1272487
1272528
1272585
1272596
1272693
1273102
1306600
1341266
1341274
1341343
1341389
1341403
1341474
1341536
1341553
1341555
1341607
1341608
1341713
1341834
1341861
1341894
1341961
1370904
1394436
1490220
1490756
1491828
1491874
1491931
1491933
1492002
1492013
1492083
1492106
1492120
1492135
1492163
1492227
1492297
1492430
1555232
1557725
1558005
1558062
1558075
1558080
1558177
1558187
1558198
1558232
1558254
1558300
1558310
1558484
1558514
1682544
1682925
1683065
1683248
1683268
1683340
1683363
1683380
1683436
1683459
1683480
1683487
1683519
1683535
1683587
1683693
1683914
1733710
1733745
1733782
1733910
1734016
1734092
1734098
1734204
1734360
1734842
1734846
1734922
1734973
1735022
1814331
1814499
1814507
1814564
1814571
1814617
1814688
1814695
1814701
1814788
1814832
1815104
1895650
1896965
1897120
1897161
1897236
1897353
1897496
1897713
1897893
1898008
1898023
1898028
1898105
1972897
1997150
1998120
1998166
1998283
1998615
1998696
1998800
1998883
1998987
1999017
1999089
1999160
1999163
1999220
1999223
1999326
1999372
1999425
1999468
1999590
1999749
2037476
2037626
2037635
2037673
2037784
2037804
2038235
2038330
2038468
2038552
2038582
2038668
2038740
2038786
2038976
2080270
2196623
2196673
2196705
2196802
2196861
2196963
2197112
2197185
2197267
2197314
2197383
2197443
2197744
2228498
2312389
2312452
2312603
2312622
2312732
2312875
2312893
2312906
2312922
2312985
2313055
2313226
2313388
2339036
2527291
2528100
2528196
2528268
2528319
2528327
2528436
2528493
2529301
2529391
2529427
2529442
2529489
2529491
2529656
2529849
2591897
2592018
2592068
2592115
2592127
2592168
2592210
2592226
2592286
2592348
2592371
2592407
2592477
2592532
2592595
2593175
2665235
2665237
2665290
2665387
2665395
2665406
2665416
2665612
2665803
2665810
2665950
2666049
2666185
2666251
2728569
2777987
2792072
2796386
2896804
2896878
2896929
2897069
2897111
2897626
2897803
2897822
2897871
2897949
2897962
2897966
2897972
2898062
2898073
2898132
2898234
2971165
2972570
2972659
2972788
2972935
2973041
2973053
2973161
2973259
2973524
2973543
2973986
2974076
3021716
3021764
3021816
3021909
3021922
3021949
3022014
3022038
3022082
3022108
3022221
3022268
3022282
3040706
3069682
3071912
3072021
3072204
3072335
3072357
3072390
3072541
3072636
3072732
3073071
3073082
3073153
3073224
3073232
3073295
3166828
3287786
3287941
3287974
3287983
3288132
3288761
3288773
3288852
3288905
3288957
3288961
3288983
3289047
3289059
3289137
3289137
3289170
3339796
3340157
3342493
3342640
3342781
3342803
3343018
3343384
3343573
3343693
3343709
3343735
3343822
3343875
3343950
3344030
3344040
3344185
3368349
3368375
3368387
3368475
3368575
3368621
3368663
3368747
3368801
3368924
3369215
3369280
3369469
3369512
3369517
3369622
3575191
3775873
3814776
3814887
3814926
3815026
3815059
3815163
3815173
3815176
3815182
3815332
3815366
3815470
3815514
3815547
3845377
3846758
3846932
3847124
3847224
3847279
3848375
3961830
3961856
3962060
3962078
3962226
3962319
3962360
3962474
3962476
3962593
3962611
3962637
3962672
3962772
3962793
3962833
3962891
3963024
3991988
4074291
4074341
4074745
4074786
4074894
4074983
4075055
4075101
4075129
4075199
4075201
4075265
4075266
4075275
4075370
4075439
4075464
4075550
4097431
4119932
4147363
4148994
4149116
4149130
4149131
4149140
4149229
4149240
4149258
4149272
4149450
4149485
4281523
4305675
4306040
4306134
4306769
4307082
4307140
4307256
4307267
4307296
4307383
4307470
4307486
4307593
4307611
4331456
4332159
4442558
4463793
4467113
4467174
4467213
4467248
4467413
4467430
4467469
4467575
4467648
4467694
4468712
4755697
4756648
4756721
4756954
4757561
4757627
4757742
4757747
4757877
4757881
4757994
4758070
4758080
4758097
5197793
5220643
5350404
5350443
5350882
5351020
5351794
5352006
5352147
5352181
5352249
5372021
5372063
5372081
5372169
5372181
5372242
5372290
5372512
5372600
5372612
5372619
5372670
5372789
5372821
5373029
5437290
5495822
5513563
5513567
5513837
5513970
5513995
5514033
5514431
5514510
5514555
5514555
5514594
5514600
5514636
5514652
5514668
5514677
5514771
5514851
5514873
5514912
5556849
5610774
5610811
5610952
5611041
5611057
5611081
5611105
5611188
5611200
5611306
5611344
5682196
5682246
5682566
5682671
5683231
5683233
5683325
5683417
5683518
5683550
5683619
5683657
5683690
5683708
5683750
5683801
5683811
5683838
5683943
5921593
5921870
5922422
5922455
5922631
5922806
5922933
5923136
5937791
6023488
6023491
6023498
6023524
6023613
6023641
6023700
6023744
6023774
6023886
6023888
6023896
6024004
6024013
6024142
6024157
6071339
6071422
6071698
6071784
6071788
6071802
6072609
6072666
6072696
6072722
6072829
6072829
6072837
6072949
6072991
6073076
6160416
6209884
6210036
6210051
6210263
6210366
6210428
6210498
6210683
6210683
6210720
6210802
6211078
6211251
6345948
6384820
6384824
6384831
6384861
6384962
6385004
6385010
6385104
6385137
6385172
6385206
6385287
6385378
6385593
6413207
6452290
6522364
6522370
6522513
6522532
6522549
6522715
6522820
6522878
6523022
6523139
6523201
6523278
6523321
6523398
6523504
6588209
6588224
6588225
6588245
6588259
6588334
6588342
6588343
6588448
6588517
6588570
6588766
6588966
6589017
6589138
6659876
6688827
6689006
6689265
6689663
6689725
6689807
6689890
6689893
6689966
6689972
6689996
6690164
6690207
6690513
6740836
6782742
6863101
6888266
6888273
6888375
6888396
6888508
6888525
6888541
6888681
6888692
6888930
6889031
6889244
6971315
6971415
6971433
6971436
6971453
6971597
6971692
6971845
6972132
6972162
6972226
6972311
6972331
6972353
6972363
6972395
6972473
6972562
6994315
7056804
7100747
7101761
7101792
7101893
7101901
7102019
7102047
7102051
7102055
7102184
7102320
7102372
7102412
7102545
7181942
7182043
7182219
7182317
7182463
7182500
7182659
7182692
7182758
7182837
7182918
7183027
7183175
7221992
7222018
7222063
7222187
7222276
7222277
7222397
7222428
7222510
7222600
7222729
7222778
7222887
7222893
7222931
7222977
7223084
7223150
7263543
7287103
7360287
7360384
7360409
7360471
7360484
7360502
7360524
7360632
7360635
7360656
7360738
7360755
7360862
7360891
7384025
7501120
7501283
7502044
7502056
7502171
7502244
7502257
7502268
7502275
7502284
7502383
7502384
7502394
7502400
7502684
7502879
7526866
7551448
7551463
7551570
7551638
7551682
7551789
7551797
7551842
7552051
7552296
7552303
7552360
7552423
7597330
7597828
7597942
7598538
7598645
7598676
7598719
7598756
7598782
7598819
7598857
7598924
7598966
7599161
7599277
7599391
7699512
7699514
7699627
7699778
7699925
7699978
7700061
7700082
7700135
7700479
7700785
7701029
7716334
7742753
7743326
7743999
7745047
7745297
7745416
7745432
7745560
7745638
7745746
7745747
7745937
7959847
7960016
7960133
7960389
7960619
7960811
7960883
7960918
7960966
7960971
7961028
7961237
7961258
7961355
7961541
8002153
8002257
8002297
8002307
8002320
8002365
8002399
8002483
8002494
8002499
8002581
8002671
8002696
8002716
8002942
8097592
8117366
8135583
8205373
8207060
8207339
8207414
8207466
8207713
8207737
8207758
8207813
8261597
8273962
8276242
8276373
8276476
8276483
8276646
8276649
8276682
8276825
8277015
8277031
8277099
8277115
8362507
8364400
8364440
8364455
8364603
8364653
8364790
8364900
8385895
8515597
8552751
8607662
8608982
8609143
8609159
8609287
8609337
8609494
8609520
8609760
8609901
8610001
8610079
8610222
8634449
8682201
8682201
8682496
8682504
8682554
8682613
8682691
8682736
8682833
8682911
8682912
8682938
8683004
8683035
8683040
8683050
8683063
8683333
8706396
8914769
8960820
8974729
8994681
9011311
9011404
9011617
9011672
9012134
9012216
9012237
9012309
9012361
9012391
9012479
9012617
9012649
9013045
9013129
9033249
9153211
9175492
9221236
9221286
9221490
9221645
9221955
9222276
9222324
9222383
9222393
9222422
9222459
9222530
9222606
9222649
9222658
9222984
9291105
9365561
9365732
9365864
9366022
9366055
9366079
9366097
9366259
9366326
9366462
9405590
9503220
9503336
9504094
9504316
9504570
9504606
9504677
9504748
9504791
9504794
9504874
9504898
9504903
9504911
9505188
9565537
9610947
9613202
9613317
9613359
9613403
9613503
9613607
9613616
9613686
9613721
9613881
9613890
9650493
9650593
9650632
9650659
9650676
9650724
9650744
9650754
9650786
9650865
9650878
9650891
9650976
9651065
9651222
9651420
9763638
9763672
9763794
9763837
9763910
9764066
9764098
9764211
9764238
9764243
9764354
9764433
9764437
9785652
9786237
9786475
9786525
9786946
9787014
9787065
9787083
9787161
9787297
9787360
9846142
9928702
9929056
9929063
9929111
9929320
9929341
9929345
9929390
9929464
9929509
9929536
9929558
9929614
9929637
9929697
9929750
9929835
9929867
9929963
9930089
9951315
10010472
10010647
10010683
10010688
10010693
10010746
10010815
10010821
10010847
10010907
10011012
10011491
10129158
10253694
10255284
10255307
10255347
10255348
10255463
10255535
10255729
10255801
10255809
10255856
10256122
10256170
10256196
10406622
10406638
10406733
10406760
10406815
10406861
10406875
10406902
10406947
10407021
10407086
10407138
10408680
10458788
10469506
10469622
10469758
10469885
10470137
10470230
10470528
10470724
10470737
10525107
10569105
10650623
10650723
10650871
10650928
10651000
10651147
10651196
10651428
10651460
10651552
10651582
10651636
10651641
10651674
10651715
10651723
10651787
10651792
10651804
10679370
10695966
10696861
10697570
10697620
10697627
10697694
10697737
10697746
10697963
10698056
10698239
10706258
10735938
10735998
10736137
10736138
10736167
10736223
10736315
10736731
10785234
10900790
10900932
10900990
10901021
10901030
10901111
10901131
10901136
10901159
10901259
10901275
10901281
10901339
10901496
10901640
10901752
10901839
11135708
11135968
11136108
11136222
11136775
11136779
11136967
11137121
11137153
11137364
11137453
11237493
11237585
11237669
11237745
11237754
11237811
11237817
11237881
11237882
11238047
11238195
11238278
11259615
11332464
11332470
11332568
11332570
11332576
11332615
11332689
11332702
11332775
11332798
11332813
11332946
11333593
11491717
11504551
11504672
11504719
11504735
11504740
11504828
11504859
11504912
11504915
11504980
11505010
11505124
11505235
11533605
11592057
11592063
11592209
11592266
11592278
11592305
11592469
11592619
11592676
11592740
11592905
11592931
11592931
11593034
11593059
11593142
11593192
11593198
11593242
11716677
11771524
11796358
11800906
11852378
11852990
11853245
11853276
11853385
11853572
11853584
11853660
11853751
11853760
11853803
11853848
11853956
11853980
11854148
11854745
11871446
12001620
12037873
12038813
12038820
12039064
12039137
12039231
12039232
12039273
12039289
12039372
12039378
12039399
12039408
12039631
12039951
12080675
12080693
12080800
12080832
12080879
12081126
12081197
12081226
12081415
12081456
12081500
12081543
12081630
12099364
12167276
12167387
12167653
12167788
12167802
12167854
12168546
12168548
12168564
12168692
12168696
12168751
12168796
12168836
12168908
12188528
12222381
12224022
12224105
12224310
12224343
12224465
12224517
12224546
12224613
12281570
12281696
12282003
12282949
12282954
12283091
12283102
12283113
12283157
12283206
12283261
12283325
12342435
12342648
12342711
12342998
12343586
12343617
12343673
12343687
12343768
12343833
12343838
12343880
12343963
12344074
12344083
12344091
12385390
12385512
12385527
12385565
12385617
12385678
12385710
12385744
12385776
12385782
12385785
12385928
12385934
12385994
12404353
12439518
12480694
12507046
12508291
12508299
12508411
12508471
12508488
12508497
12508558
12508586
12508593
12508608
12508701
12508728
12508875
12508894
12582590
12690294
12690394
12690394
12690407
12690542
12690544
12690561
12690573
12690644
12690661
12690668
12690707
12690716
12690822
12690829
12690843
12690858
12721360
12834446
12834446
12834448
12834460
12834580
12834663
12834688
12834788
12834879
12834895
12834916
12835018
12835020
12835088
12872523
12872594
12872692
12872722
12872733
12872787
12872937
12872952
12872974
12873180
12873325
12873354
12873452
12873465
12873469
12873570
12873625
12873664
12888475
12908239
12936257
12939554
12939607
12939710
12939759
12939770
12939856
12939939
12940039
12940039
12940062
12940091
12940097
12940212
12940252
12940255
12940285
12940495
13031619
13056631
13056674
13056680
13056748
13057024
13057059
13057178
13057437
13057552
13057556
13057675
13057685
13057712
13057778
13057815
13110118
13110540
13110663
13110874
13110900
13111596
13111626
13111661
13111730
13111753
13111868
13111883
13111890
13111959
13111971
13341954
13408768
13432946
13432985
13433281
13433579
13433633
13433853
13433952
13433953
13434077
13434092
13435103
13464275
13464429
13464492
13464525
13464552
13464561
13464591
13464646
13464659
13464677
13464686
13464752
13464807
13464859
13464916
13465089
13465156
13487196
13564517
13652736
13662250
13662269
13662422
13662456
13662501
13662691
13662693
13662881
13662933
13662947
13662967
13663057
13663167
13663209
13663308
13663472
13663503
13663557
13663746
13663899
13740307
13740467
13740491
13740493
13740572
13740615
13740624
13740627
13740720
13740864
13740932
13740941
13741317
13782350
13782725
13783373
13783489
13783536
13783709
13783757
13783791
13783829
13783836
13783940
13783996
13784002
13784028
13784132
13784150
13784261
13811338
13811435
13812026
13812188
13812355
13812419
13812438
13812491
13812567
13812578
13812587
13812716
13812734
13812834
13812838
13812865
13813041
13846331
13847985
13848011
13848083
13848118
13848198
13848202
13848252
13848272
13848284
13881960
13882060
13882216
13882354
13882632
13882718
13882779
13882850
13882997
13883076
14021134
14021168
14021410
14021425
14021541
14021691
14021844
14021969
14022053
14022067
14022073
14022179
14022221
14022302
14022390
14042736
14084598
14084728
14084787
14084846
14084882
14084970
14084988
14085003
14085060
14085148
14085165
14085243
14085244
14085277
14085485
14086063
14146171
14146732
14148354
14148376
14148424
14148457
14148470
14148492
14148549
14148559
14148562
14148660
14148679
14148695
14148760
14148835
14148941
14148979
14149025
14250891
14250967
14251023
14251047
14251109
14251150
14251176
14251218
14251271
14251298
14251351
14251387
14251473
14251619
14251826
14277056
14348738
14348963
14370233
14378622
14461771
14461901
14462010
14462245
14462399
14462429
14462567
14462947
14463015
14463062
14463113
14463128
14463211
14463279
14544809
14545994
14546120
14546435
14546490
14546576
14546664
14546676
14546849
14546942
14629162
14629318
14629434
14629792
14630060
14630132
14630265
14630266
14630303
14630360
14630389
14630458
14630595
14677242
14677372
14677585
14677900
14678607
14678666
14678697
14678746
14678780
14678842
14678849
14678945
14678970
14679033
14748803
14748831
14748953
14749113
14749324
14749759
14749792
14749820
14749943
14749960
14749990
14750060
14750064
14750081
14750160
14750342
14823082
14872824
14873032
14873095
14873384
14874002
14874084
14874086
14874131
14874229
14874237
14874281
14874343
14874364
14942998
14943096
14943170
14943223
14943281
14943332
14943626
14943670
14943675
14943797
14944053
