15000000
5055
25025
25695
36897
101720
102868
103367
103382
103438
103543
103567
103598
103615
103671
103674
103723
103765
103792
103848
103884
103892
103994
104159
146479
146633
146755
146854
147123
147368
147577
147702
147758
147881
147911
147920
147925
147975
147977
148106
148110
148115
148210
186018
186030
186045
186092
186095
186207
186222
186222
186265
186331
186343
186345
186405
186478
186545
186563
186579
186646
186773
186777
186799
186967
223538
331527
332146
332162
332299
332309
332374
332481
332486
332488
332522
332765
332783
332789
332804
332807
332910
332965
332968
332969
333051
333113
333138
376759
377439
398790
418190
419169
419368
419370
419493
419575
419618
419656
419723
419791
419853
419930
419989
420107
420253
475646
519813
520228
520236
520313
520404
520489
520525
520548
520568
520576
520675
520721
520740
520829
520922
520941
521000
521071
521093
521130
521153
521154
585553
585661
585681
585682
585707
585709
585790
585809
585815
585825
585857
585948
585949
585953
585953
586099
586137
586151
586219
651140
692232
758873
759023
759211
759234
759245
759465
759547
759574
759626
759646
759996
814815
872275
1063511
1063588
1063626
1063660
1063678
1063681
1063700
1063739
1063750
1063753
1063755
1063841
1063879
1063908
1063921
1063952
1064021
1064029
1064081
1064150
1064166
1064274
1064290
1099094
1099109
1099277
1099476
1099481
1099541
1099626
1099629
1099638
1099669
1099769
1099792
1099795
1099809
1099831
1099961
1100061
1100125
1100180
1166271
1166274
1166766
1168095
1168254
1168307
1168340
1168346
1168437
1168518
1168567
1168576
1168593
1168666
1168722
1168728
1168741
1168849
1168938
1168967
1270892
1271134
1271791
1271804
1271957
1271959
1271973
1272074
1272113
1272125
1272132
1272193
1272210
1272241
1272253
1272336
1272339
1272485
1272635
1272644
1272690
1340331
1340370
1340905
1341070
1341434
1341439
1341507
1341526
1341586
1341616
1341635
1341698
1341731
1341732
1341753
1341811
1341864
1341869
1341873
1341957
1342136
1466455
1491630
1491648
1491782
1491818
1491822
1491835
1491924
1491944
1491953
1491959
1492081
1492113
1492130
1492206
1492253
1492289
1492353
1492384
1492401
1538307
1538401
1557795
1557806
1557880
1558091
1558096
1558111
1558160
1558198
1558306
1558352
1558372
1558394
1558456
1558503
1558537
1558603
1558639
1600503
1683016
1683018
1683029
1683067
1683142
1683197
1683228
1683236
1683277
1683311
1683385
1683390
1683401
1683530
1683540
1683546
1683627
1683673
1683708
1683709
1683815
1683822
1683830
1683846
1733562
1733826
1734106
1734135
1734164
1734186
1734224
1734263
1734272
1734283
1734334
1734372
1734383
1734388
1734398
1734513
1734523
1734581
1734646
1764158
1814492
1814536
1814571
1814618
1814647
1814691
1814700
1814767
1814802
1814806
1814813
1814852
1814963
1815021
1815027
1896797
1896948
1897117
1897193
1897406
1897602
1897738
1897758
1897778
1897873
1897892
1898012
1898080
1898098
1898105
1898196
1898247
1972328
1998566
1998603
1998612
1998633
1998722
1998794
1998799
1998887
1998894
1998913
1999065
1999084
1999099
1999101
1999168
1999208
1999237
1999264
1999282
1999328
1999348
1999396
1999462
1999526
1999614
2037752
2037772
2037787
2037876
2037878
2038002
2038014
2038019
2038022
2038138
2038144
2038170
2038185
2038315
2038670
2073937
2107560
2196898
2196910
2196957
2196980
2196994
2197103
2197121
2197122
2197133
2197231
2197232
2197233
2197279
2197402
2197640
2197926
2312643
2312699
2312703
2312768
2312777
2312788
2312806
2312821
2312910
2312918
2312931
2312999
2313085
2313103
2313120
2313220
2313226
2354308
2419926
2448642
2482770
2491335
2527875
2527943
2528086
2528092
2528198
2528454
2528541
2528583
2528693
2528746
2528858
2528895
2529305
2529549
2529567
2589693
2591849
2591869
2591943
2591998
2592034
2592164
2592184
2592195
2592209
2592294
2592346
2592363
2592367
2592396
2592499
2592511
2592520
2592603
2610929
2632685
2665371
2665434
2665500
2665534
2665546
2665601
2665638
2665644
2665720
2665747
2665778
2665863
2665896
2665920
2665933
2666054
2666055
2666102
2706433
2707075
2759475
2876653
2897109
2897265
2897377
2897417
2897464
2897473
2897602
2897731
2897745
2897791
2897898
2897944
2897956
2898125
2898151
2898213
2898226
2898247
2898339
2898372
2972323
2972589
2972802
2972872
2972887
2972895
2973018
2973045
2973060
2973145
2973253
2973258
2973299
2973328
2973330
2973455
2973549
2973559
3021690
3021971
3021990
3021997
3022000
3022009
3022094
3022105
3022115
3022129
3022184
3022243
3022254
3022270
3022274
3022379
3022388
3022507
3072206
3072348
3072377
3072475
3072501
3072626
3072627
3072627
3072723
3072758
3072791
3073003
3073055
3073075
3073108
3073162
3073275
3096715
3177476
3178219
3287781
3287918
3288085
3288165
3288246
3288346
3288352
3288520
3288548
3288556
3288830
3288841
3288857
3288927
3288943
3289043
3289074
3289075
3289172
3289295
3316928
3342907
3342908
3343072
3343075
3343085
3343132
3343263
3343317
3343326
3343439
3343661
3343692
3343737
3343902
3343903
3343919
3343928
3343953
3344028
3344062
3344088
3344162
3368686
3368800
3368806
3368844
3368875
3368935
3368962
3369045
3369059
3369104
3369113
3369233
3369263
3369312
3369406
3369469
3369577
3369595
3369608
3369622
3424745
3426158
3483565
3546985
3633961
3743002
3772336
3772738
3814388
3814753
3814780
3814907
3814973
3815022
3815030
3815111
3815122
3815157
3815200
3815223
3815232
3815287
3815300
3815307
3815312
3815360
3815471
3815501
3815515
3815641
3846551
3846943
3847076
3847101
3847291
3847317
3847426
3847468
3847627
3847649
3847757
3962150
3962182
3962182
3962182
3962208
3962319
3962325
3962369
3962417
3962518
3962522
3962524
3962525
3962687
3962717
3962882
3962901
3962902
3962933
4074664
4074681
4074683
4074732
4074781
4074856
4074883
4074927
4075007
4075021
4075037
4075142
4075224
4075236
4075282
4075293
4075317
4075329
4075337
4075448
4075457
4075465
4148244
4148270
4148557
4148799
4149029
4149042
4149121
4149345
4149394
4149415
4149433
4149488
4149560
4149579
4149608
4149719
4149918
4291291
4306624
4306690
4306727
4306788
4306805
4306995
4307026
4307054
4307107
4307153
4307185
4307231
4307261
4307297
4307310
4307334
4307338
4307390
4307425
4307490
4307543
4307548
4307688
4307706
4419922
4465676
4466282
4466621
4466859
4467228
4467291
4467293
4467329
4467435
4467474
4467520
4467581
4467599
4467681
4467685
4467710
4467926
4525652
4711374
4757198
4757220
4757486
4757515
4757653
4757669
4757675
4757689
4757727
4757761
4757784
4757800
4757842
4757878
4757937
4757946
4757971
4758053
4758061
4758153
4794425
4904380
4920998
5289437
5338502
5348656
5348924
5348995
5351033
5351084
5351318
5351495
5351565
5352065
5352206
5352278
5352317
5352341
5352378
5352484
5372331
5372378
5372383
5372390
5372416
5372444
5372475
5372495
5372504
5372511
5372527
5372641
5372647
5372651
5372697
5372863
5372916
5372967
5373020
5373046
5511654
5512600
5513795
5513827
5513918
5514113
5514170
5514197
5514363
5514399
5514456
5514646
5514655
5514658
5514669
5514806
5514829
5514831
5514903
5514952
5514953
5514991
5576412
5608784
5610159
5610837
5610876
5610907
5610983
5610996
5611104
5611160
5611222
5611236
5611281
5611286
5611376
5611472
5611492
5682508
5682608
5682608
5682646
5682845
5682993
5683063
5683221
5683288
5683290
5683392
5683419
5683464
5683521
5683541
5683550
5683600
5683623
5683681
5683693
5683826
5683841
5683847
5683895
5874824
5898803
5922429
5922439
5922578
5922615
5922679
5922782
5922821
5922865
5922890
5922959
5923036
5923076
5923183
5923308
6023633
6023642
6023659
6023685
6023721
6023748
6023749
6023769
6023773
6023784
6023845
6023862
6023871
6023884
6023885
6023949
6023986
6023993
6024008
6024133
6024243
6024254
6071675
6071683
6071931
6071981
6072076
6072208
6072209
6072219
6072361
6072362
6072401
6072572
6072666
6072686
6072688
6072697
6072852
6072915
6138946
6210282
6210299
6210343
6210347
6210436
6210499
6210516
6210557
6210569
6210635
6210657
6210703
6210710
6210715
6210845
6210850
6210884
6225790
6256191
6323988
6338195
6384328
6384435
6384487
6384586
6384915
6385074
6385084
6385144
6385146
6385148
6385218
6385264
6385290
6385296
6385332
6385417
6385501
6385608
6466963
6485070
6522196
6522621
6522665
6522686
6522824
6522864
6522894
6522896
6522967
6522996
6523040
6523080
6523167
6523172
6523217
6523359
6523413
6523504
6523570
6523702
6580683
6587234
6587302
6587536
6587659
6587690
6588409
6588448
6588449
6588463
6588534
6588562
6588563
6588586
6588657
6588663
6588681
6588708
6588709
6588890
6620398
6636050
6689557
6689784
6689795
6689820
6689830
6689891
6689937
6689950
6689957
6689983
6690056
6690074
6690079
6690096
6690207
6690209
6690213
6849991
6872844
6888558
6888581
6888658
6888674
6888698
6888710
6888726
6888757
6888767
6888816
6888819
6888841
6888883
6889016
6889042
6889148
6971568
6971602
6971681
6971773
6971778
6971832
6971881
6971940
6972010
6972082
6972121
6972141
6972213
6972234
6972248
6972258
6972318
6972319
6972371
6972403
6972623
6972709
7100634
7101400
7101562
7101564
7101948
7101954
7101970
7102084
7102085
7102102
7102126
7102178
7102204
7102230
7102261
7102299
7102429
7102436
7102438
7102500
7148217
7182398
7182457
7182488
7182507
7182517
7182618
7182641
7182666
7182707
7182711
7182766
7182772
7182847
7182851
7182900
7182970
7183026
7183066
7183258
7221935
7222004
7222118
7222153
7222155
7222337
7222441
7222469
7222508
7222590
7222596
7222601
7222612
7222714
7222737
7222749
7222772
7222795
7222875
7222912
7222961
7223009
7223054
7223208
7294313
7358195
7360123
7360143
7360174
7360251
7360338
7360359
7360434
7360488
7360540
7360566
7360574
7360673
7360682
7360723
7360856
7360861
7360881
7360935
7360995
7499869
7500980
7501935
7502084
7502261
7502333
7502353
7502402
7502407
7502430
7502445
7502473
7502517
7502560
7502580
7502584
7502589
7502613
7502630
7502690
7502744
7502764
7549886
7551348
7551411
7551659
7551801
7551916
7551946
7551957
7551960
7552086
7552166
7552233
7552249
7552275
7552521
7552542
7552554
7552603
7552819
7597792
7597815
7597870
7597918
7597977
7598085
7598232
7598343
7598508
7598924
7598964
7599060
7599104
7599156
7599189
7599210
7599238
7599259
7599397
7698355
7698766
7699036
7699953
7699980
7700185
7700231
7700258
7700359
7700374
7700387
7700991
7701146
7744042
7744151
7744394
7744445
7744570
7745229
7745274
7745333
7745338
7745356
7745363
7745472
7745508
7745554
7745744
7745821
7768868
7852350
7894155
7957385
7960392
7960475
7960583
7960619
7960646
7960777
7960831
7960888
7960899
7960918
7960939
7961018
7961047
7961172
7961274
7961437
8002331
8002332
8002351
8002388
8002439
8002465
8002484
8002539
8002555
8002576
8002618
8002627
8002676
8002696
8002813
8002815
8002825
8002850
8002916
8002933
8002992
8127876
8135129
8168956
8193404
8206499
8206631
8206716
8206782
8206792
8207055
8207194
8207679
8207785
8207838
8207934
8207947
8207955
8208051
8208285
8268352
8276298
8276319
8276454
8276573
8276580
8276719
8276764
8276825
8276894
8276944
8276994
8277043
8277087
8277117
8277276
8277298
8277549
8315830
8364266
8364580
8364672
8364680
8364708
8364708
8364772
8364823
8364840
8364847
8364872
8364923
8364940
8364960
8365006
8465551
8608212
8608226
8608342
8608409
8608471
8609219
8609541
8609562
8609610
8609658
8609724
8609746
8609777
8609884
8609945
8609988
8681978
8682032
8682200
8682384
8682580
8682586
8682650
8682650
8682652
8682824
8682863
8682887
8682960
8682966
8683048
8683143
8683241
8683294
8683445
8683475
8683544
8810003
8932690
8996209
9011521
9011551
9011779
9011922
9011950
9012097
9012160
9012180
9012215
9012312
9012439
9012444
9012474
9012512
9012515
9012595
9012644
9012739
9012825
9068285
9136449
9137146
9137475
9153742
9222029
9222088
9222093
9222123
9222199
9222223
9222275
9222384
9222386
9222412
9222487
9222548
9222566
9222601
9222602
9222674
9222706
9222714
9222772
9222839
9244738
9365155
9365586
9365622
9365698
9365704
9365839
9365865
9365982
9365992
9366133
9366400
9366441
9366452
9366553
9410920
9440838
9452082
9504001
9504220
9504274
9504419
9504421
9504446
9504450
9504495
9504560
9504579
9504600
9504618
9504757
9504770
9504819
9504887
9505007
9505056
9505062
9505069
9559672
9592363
9612993
9613421
9613435
9613436
9613446
9613500
9613505
9613585
9613628
9613630
9613651
9613776
9613806
9613906
9614043
9649579
9649944
9650459
9650583
9650606
9650616
9650702
9650724
9650740
9650756
9650760
9650899
9650909
9650920
9650924
9651080
9651224
9696335
9747378
9763715
9763735
9763748
9763784
9763797
9763873
9763926
9763936
9763939
9763991
9764042
9764100
9764101
9764101
9764226
9764306
9764448
9764483
9764548
9786275
9786444
9786509
9786560
9786726
9786763
9786933
9787310
9787355
9787377
9787429
9787544
9787546
9787576
9787646
9855321
9929218
9929269
9929269
9929303
9929336
9929422
9929436
9929529
9929553
9929586
9929605
9929652
9929667
9929672
9929681
9929709
9929767
9929774
9929909
9929912
9929956
9930016
9977080
10010678
10010692
10010699
10010700
10010844
10010859
10010889
10010904
10010929
10010940
10010971
10011054
10011069
10011080
10011085
10011378
10011383
10062911
10205951
10235924
10255377
10255401
10255405
10255435
10255450
10255551
10255555
10255559
10255584
10255652
10255694
10255718
10255824
10255869
10256057
10256249
10344879
10345467
10406299
10406301
10406559
10406841
10406846
10406894
10406946
10406998
10407121
10407156
10407210
10407213
10407225
10407261
10407285
10407351
10407357
10407388
10407408
10469721
10469728
10469737
10469755
10469757
10469888
10469895
10469918
10469972
10470038
10470050
10470054
10470087
10470280
10470426
10523210
10650833
10650871
10650878
10650902
10650930
10651030
10651035
10651094
10651174
10651216
10651289
10651294
10651406
10651683
10651688
10651752
10652015
10652183
10697203
10697209
10697540
10697615
10697621
10697656
10697745
10697772
10697774
10697787
10697899
10697903
10697910
10697961
10698028
10698045
10698110
10698124
10714617
10736155
10736166
10736170
10736198
10736211
10736324
10736335
10736349
10736358
10736458
10736460
10736504
10736514
10736661
10757000
10817029
10871508
10871727
10872350
10900960
10900976
10900999
10901060
10901062
10901088
10901115
10901151
10901170
10901176
10901233
10901269
10901276
10901294
10901362
10901413
10901441
10901452
10901539
10901582
10901716
10901738
10940460
11024707
11135877
11136042
11136074
11136253
11136390
11136416
11136515
11136540
11136565
11136642
11137010
11137112
11237637
11237708
11237714
11237735
11237774
11237792
11237821
11237822
11237839
11237941
11237950
11238017
11238038
11238051
11238073
11238077
11238217
11332635
11332741
11332787
11332799
11332801
11332863
11332870
11332875
11332876
11332956
11332968
11332973
11332979
11332998
11333092
11333093
11333138
11333160
11333211
11504765
11504801
11504824
11504840
11504867
11504880
11504913
11504917
11504951
11504968
11505002
11505022
11505027
11505057
11505068
11505174
11505178
11505223
11505385
11536677
11592233
11592275
11592356
11592363
11592454
11592521
11592529
11592554
11592664
11592709
11592824
11592948
11592956
11592971
11593026
11593094
11593148
11593148
11593404
11625794
11853033
11853101
11853144
11853215
11853250
11853345
11853411
11853436
11853470
11853514
11853592
11853658
11853695
11854072
11854080
11931662
11931998
11932319
12038775
12038918
12038959
12038960
12039096
12039103
12039219
12039249
12039355
12039382
12039494
12039500
12039514
12039585
12039643
12039730
12039759
12039767
12039801
12039854
12079007
12079084
12079438
12079549
12079773
12081051
12081068
12081102
12081133
12081136
12081270
12081286
12081294
12081389
12081477
12081642
12081880
12163826
12167816
12167954
12168016
12168072
12168110
12168203
12168260
12168275
12168329
12168408
12168563
12168649
12168710
12168719
12168723
12168726
12168815
12168844
12168848
12168876
12168883
12169061
12169103
12169132
12223831
12223886
12223990
12224063
12224065
12224681
12224714
12224790
12224801
12224805
12224857
12224950
12224994
12281636
12281775
12281868
12281962
12282138
12282326
12282376
12282387
12282444
12282914
12283127
12283178
12283256
12283263
12283275
12283323
12283395
12283421
12283449
12283453
12343287
12343452
12343471
12343490
12343535
12343701
12343736
12343754
12343799
12343859
12343887
12343922
12343987
12344019
12344051
12344100
12344151
12344300
12385350
12385373
12385386
12385391
12385407
12385507
12385548
12385583
12385600
12385649
12385743
12385775
12385788
12385794
12385795
12385972
12385981
12386001
12386003
12386095
12386119
12386161
12386184
12441644
12469192
12489861
12508010
12508043
12508159
12508196
12508415
12508462
12508467
12508498
12508532
12508545
12508580
12508611
12508622
12508633
12508662
12508778
12508787
12508789
12508842
12535167
12560267
12688795
12689304
12690087
12690274
12690331
12690352
12690388
12690488
12690502
12690506
12690597
12690635
12690661
12690715
12690738
12690753
12690787
12690813
12690858
12690939
12690971
12691402
12781628
12834359
12834532
12834552
12834558
12834603
12834674
12834689
12834703
12834718
12834762
12834790
12834855
12834888
12834919
12834926
12834974
12835442
12872729
12872869
12872910
12872913
12873029
12873039
12873042
12873046
12873156
12873167
12873203
12873290
12873317
12873346
12873450
12873464
12873477
12873498
12873500
12873627
12873638
12873645
12939817
12939838
12939860
12939869
12939899
12939960
12939963
12939972
12939989
12940005
12940011
12940053
12940056
12940070
12940089
12940156
12940217
12940239
12940256
13055596
13055706
13055985
13056693
13056700
13057195
13057236
13057265
13057359
13057390
13057399
13057474
13057506
13057508
13057588
13057599
13057662
13057672
13057682
13057840
13057900
13057923
13110746
13110772
13110819
13110947
13110960
13111123
13111124
13111159
13111187
13111369
13111421
13111430
13111638
13111739
13111804
13111863
13111912
13111924
13111937
13111996
13112118
13112123
13243064
13414024
13425011
13433211
13433311
13433336
13433381
13433518
13433547
13433553
13433629
13433716
13433753
13433754
13433948
13434120
13434146
13464242
13464323
13464328
13464443
13464456
13464470
13464484
13464589
13464610
13464684
13464696
13464759
13464777
13464825
13464875
13464895
13464900
13464954
13464967
13464969
13465038
13465090
13465127
13465128
13465137
13535388
13552314
13630972
13662485
13662753
13662766
13662782
13662837
13662869
13662888
13662904
13662916
13662922
13663022
13663033
13663043
13663079
13663167
13663206
13663206
13663213
13663283
13663363
13663403
13718789
13740502
13740517
13740557
13740606
13740634
13740645
13740685
13740753
13740759
13740790
13740797
13740838
13740883
13740891
13741017
13741044
13741179
13782074
13782439
13782489
13782783
13782790
13783629
13783652
13783681
13783692
13783695
13783786
13783805
13783839
13783859
13783918
13783942
13783945
13784056
13784156
13784245
13805032
13811963
13811986
13812003
13812166
13812219
13812346
13812536
13812546
13812573
13812574
13812581
13812681
13812702
13812711
13812714
13812848
13812970
13840581
13848064
13848131
13848146
13848156
13848178
13848198
13848257
13848278
13848296
13848325
13848352
13848394
13848408
13848417
13848466
13848541
13848566
13848567
13848579
13868217
13879442
13880449
13881532
13881850
13882012
13882605
13882818
13882834
13882864
13882972
13883211
13883343
13883571
13883582
13903484
13915987
13958160
14020059
14020473
14021124
14021227
14021277
14021436
14021542
14021629
14021737
14021808
14022081
14022189
14022196
14022233
14022246
14022408
14022470
14047529
14083287
14084810
14084823
14084863
14084935
14084977
14084988
14085127
14085132
14085161
14085165
14085225
14085234
14085238
14085260
14085264
14085397
14085406
14085415
14085463
14147573
14147703
14147770
14147863
14148458
14148487
14148554
14148596
14148601
14148602
14148621
14148630
14148712
14148717
14148743
14148766
14148881
14148920
14148963
14148972
14149063
14149072
14149101
14250762
14250821
14250872
14250972
14251020
14251026
14251139
14251277
14251293
14251309
14251357
14251372
14251428
14251452
14251461
14251504
14251604
14251758
14251804
14267206
14298503
14461342
14461490
14461671
14461697
14462321
14462434
14462514
14462520
14462684
14462684
14462702
14462901
14462970
14463107
14463242
14463248
14463367
14463390
14546174
14546368
14546388
14546553
14546607
14546629
14546653
14546662
14546707
14546827
14546850
14546880
14546908
14547069
14547174
14547627
14605145
14617488
14629208
14629289
14629716
14629891
14630102
14630125
14630194
14630212
14630250
14630254
14630299
14630379
14630398
14630399
14630481
14630505
14630605
14630621
14630625
14630633
14630642
14663521
14677203
14677634
14678154
14678234
14678388
14678393
14678531
14678541
14678553
14678585
14678609
14678623
14678714
14678733
14678739
14678839
14678839
14678853
14678937
14728456
14749102
14749285
14749285
14749309
14749403
14749440
14749459
14749601
14749625
14749630
14749764
14749884
14749893
14749894
14750023
14750188
14750213
14750216
14750230
14750292
14750335
14802405
14873421
14873616
14873653
14873707
14873803
14873808
14873832
14873843
14873922
14873939
14874029
14874034
14874040
14874057
14874193
14874211
14874362
14874397
14874448
14942825
14942895
14942999
14943204
14943446
14943540
14943561
14943588
14943601
14943626
14943635
14943761
14943790
14943882
14943915
14944027
