15000000
1048
19826
20068
20079
20106
20258
20331
20359
20493
139739
208309
254538
311664
311927
312173
312213
314029
448180
477157
497503
497563
498111
498117
498131
498217
498348
560556
560660
561033
561455
598040
598101
598259
599767
600038
600062
600063
600089
600193
600307
609583
633398
711576
712997
713674
746984
795450
863712
915970
991419
1012710
1013182
1031118
1031178
1031215
1031282
1086150
1086295
1086328
1086502
1086574
1167389
1227465
1270491
1270917
1272060
1272548
1318246
1318399
1318636
1319107
1378605
1461193
1461247
1461265
1461283
1510434
1556587
1604672
1604938
1604944
1605013
1605470
1647837
1717586
1820211
1821041
1853205
1853208
1853422
1853429
1853898
1866745
1893006
1917395
1917412
1917587
1917675
2023379
2023631
2023643
2023682
2141595
2185509
2256119
2257820
2258079
2306611
2307651
2307757
2307859
2307924
2343231
2343417
2344652
2344720
2344740
2344856
2344908
2406944
2406967
2407011
2407031
2407083
2407215
2407244
2443284
2482203
2664692
2693305
2702314
2702393
2702447
2702522
2704180
2779955
2780143
2780510
2780813
2822461
2847622
2895865
2994515
3094671
3188705
3188752
3189028
3189067
3189189
3189301
3189433
3290358
3291804
3292280
3292665
3293062
3355858
3372105
3372143
3372467
3372472
3373521
3425312
3425856
3539460
3585494
3590120
3590247
3590482
3720940
3780157
3780376
3780531
3781021
3841056
3878981
3879075
3879217
3879273
3952686
3965084
4017076
4058121
4059554
4060093
4060131
4069082
4120147
4120348
4120542
4120557
4198275
4201026
4201299
4201650
4201799
4368585
4368589
4368630
4368808
4406563
4417946
4417958
4418015
4418115
4418209
4498682
4498792
4498886
4498889
4687039
4741596
4741617
4742103
4742271
4744321
4805311
4875932
4983954
4984066
4984223
4984241
5189292
5191469
5224233
5224623
5224725
5243801
5304438
5306646
5306795
5307202
5307880
5308179
5308239
5386788
5411701
5440332
5440515
5440671
5457301
5496210
5539470
5539619
5539654
5539675
5539932
5540189
5576800
5626140
5666897
5701222
5725348
5738029
5789604
5789608
5789615
5789691
5789737
5789807
5789921
5845784
6079926
6080237
6213288
6308330
6378041
6378138
6378244
6436902
6449181
6449990
6490210
6505751
6505841
6505928
6505950
6505975
6506228
6555673
6555969
6556277
6611716
6611717
6611809
6611817
6611934
6612808
6708180
6782504
6782508
6782514
6782528
6782540
6782717
6800195
6885812
6885853
6885855
6885855
6885999
6886091
6914115
6941625
6941630
6941652
6941752
6941791
6941849
6990414
6990432
6990463
6990562
7142727
7338268
7391277
7393615
7393653
7393709
7393834
7393860
7393970
7394275
7407648
7631209
7800194
7814054
7814728
7815578
7815597
7847807
7848624
7987814
7987943
7988011
7988208
8081912
8157630
8157689
8157830
8157968
8158080
8212782
8253619
8318741
8343362
8343387
8343401
8343424
8343584
8343749
8375378
8420383
8546542
8546751
8548870
8548880
8549042
8615005
8631252
8688452
8688570
8689283
8689486
8689540
8759931
8810116
8810124
8810144
8810172
8810269
8810282
8810282
8810423
8841325
8883493
8997801
9019521
9019550
9019642
9055303
9055405
9318658
9418793
9418807
9418859
9443636
9467651
9469260
9469759
9469955
9497860
9497860
9498006
9498029
9498036
9498211
9522583
9522606
9522663
9522677
9522699
9522767
9522792
9522794
9522918
9544570
9544626
9544745
9544799
9545048
9567064
9758286
9838052
9873163
9894475
9895253
9895314
9895470
9895508
9975169
9975283
9975561
9975718
9976267
10013948
10014404
10014421
10014433
10014616
10090928
10090975
10091124
10091406
10277126
10349917
10350127
10350243
10350456
10481975
10524639
10594283
10654760
10674401
11115602
11116275
11119027
11119281
11119348
11121093
11271875
11312455
11722724
11741008
11741154
11741336
11741491
11743107
11743353
11743413
11915929
11916495
11953400
11953988
11954927
11955885
11956052
11956134
11969765
12070067
12070181
12070257
12070536
12324692
12349949
12366039
12442114
12830233
12832006
12832339
12832862
12833014
12981540
12982324
12982349
12982612
13042909
13042954
13043063
13043159
13043279
13079718
13079726
13079907
13079984
13080059
13169684
13246689
13265879
13265951
13265963
13266038
13266101
13266284
13357818
13457128
13457439
13457573
13457586
13458267
13458327
13458489
13684581
13735161
13735294
13735354
13771568
13771843
13773486
13773493
13773635
13773842
13773998
13862450
13879499
13880925
13882049
13882116
13882351
13944639
14109528
14184872
14216464
14220362
14267363
14291989
14325746
14336569
14336612
14336792
14336795
14336934
14336959
14391979
14392051
14392969
14392971
14393166
14454988
14510605
14510760
14511775
14511787
14512050
14737291
14737323
14737334
14737434
14737457
14737664
14737787
14917128
14917476
14918049
14918274
