15000000
964
1168
36318
55049
108361
337576
337650
337660
337889
353493
413629
476042
476059
476505
476975
478492
510331
538471
606140
694387
722997
752578
825285
862279
973573
974003
974296
976069
1026879
1077004
1137941
1266476
1266781
1266876
1266916
1268058
1470369
1601157
1661932
1691711
1857569
1940003
1969464
2120842
2120847
2121023
2121082
2183965
2184094
2184363
2184602
2184922
2382146
2441110
2533163
2587626
2587635
2587977
2588075
2656088
2760858
2762573
2762744
2762871
2762931
2763067
2763890
2763946
2891883
2933484
3028166
3028401
3028472
3028667
3241975
3301603
3349489
3404231
3422216
3422327
3422376
3422381
3422527
3422690
3487599
3513607
3527767
3529179
3548125
3552530
3552740
3554178
3554730
3555340
3679684
3751858
3766130
3766283
3766352
3766376
3919637
3919820
3919850
3920011
4082294
4186629
4186636
4186947
4186950
4187069
4187363
4451061
4566119
4566727
4668487
4668726
4777307
4777462
4777706
4777739
4778650
5062997
5114101
5189039
5191681
5191905
5192623
5192649
5216370
5223732
5261199
5525306
5553140
5594746
5613577
5689516
5735505
5783047
5814558
5860537
5860555
5860687
5860876
6071278
6072243
6072356
6072359
6072465
6072466
6234420
6251337
6251447
6251605
6252365
6252375
6252574
6252698
6541287
6694638
6753336
6895773
6942882
7009003
7140162
7140183
7140326
7140412
7140440
7227832
7228070
7228349
7228459
7228543
7372846
7373224
7391212
7436905
7559027
7559051
7559432
7559449
7589137
7737480
7791375
7791933
7792167
7792459
7871724
7911904
7912313
7978211
7979566
7997201
7997380
7997391
7997772
7998652
8033427
8076021
8076277
8082971
8167954
8212683
8329677
8741895
8741913
8741942
8741950
8741953
8742081
8742128
8742271
8742321
8788587
8875975
9016144
9050924
9132786
9154461
9211627
9346288
9428851
9431439
9431488
9431548
9431959
9705887
9739490
9888563
9888700
9996522
9996532
9997238
10154701
10164303
10164353
10164355
10164402
10164415
10164460
10164545
10164582
10164588
10164714
10377622
10378029
10378313
10378513
10401238
10451424
10464315
10550920
10571050
10572195
10685236
10738359
10805082
10805549
10906862
10909545
10949372
10949783
10949920
10949978
10950932
11115281
11118352
11118558
11118777
11165913
11332653
11442238
11454516
11454923
11474917
11499711
11778711
11778942
11779653
11779936
11780258
11806147
11843623
11896777
11897216
11899577
11899612
11899655
11899802
11940067
12031105
12031108
12031208
12031253
12031401
12031501
12031591
12031633
12031810
12224175
12288220
12291903
12467267
12505953
12506796
12560990
12603998
12680479
12701708
12729590
12813134
12920483
13068979
13172873
13302130
13302149
13302211
13302291
13302391
13302649
13302708
13302785
13390744
13462941
13473321
13473520
13473636
13473777
13530481
13596840
13855244
14080301
14122364
14124658
14124784
14124785
14124865
14263867
14290749
14357208
14399942
14490004
14490230
14490248
14490284
14490586
14490702
14615968
14616441
14617073
14660605
14680838
14701322
14714853
14715252
14897607
14937921
14958365
