15000000
2668
41984
103427
103604
103717
103742
104091
104244
146608
147466
147531
147634
147717
147741
147885
148013
148116
148145
148259
185887
185964
186088
186223
186227
186579
186710
186890
186942
203686
329682
332182
332262
332374
332481
332567
332617
332631
332729
332844
332861
418707
418858
418911
419215
419550
420287
420402
420498
420518
420584
420684
456678
520504
520646
520742
520797
520892
520893
520896
520916
521018
521069
521094
521208
585414
585561
585666
585731
585795
585797
585842
585922
585989
586056
586338
726186
756974
758981
758992
759185
759939
760747
761000
1031872
1063000
1063233
1063376
1063418
1063476
1063692
1064277
1064338
1099405
1099515
1099540
1099726
1099838
1100175
1100274
1100705
1135218
1168142
1168161
1168250
1168389
1168477
1168576
1168582
1168682
1168722
1270798
1271874
1271914
1272065
1272118
1272205
1272436
1272624
1272625
1272660
1272691
1304472
1341410
1341422
1341632
1341636
1341639
1341680
1341683
1341722
1341761
1341771
1341855
1341917
1341988
1398791
1491618
1491763
1491832
1491857
1491920
1491961
1492025
1492050
1492124
1555146
1557783
1557898
1557938
1557974
1558022
1558069
1558074
1558208
1623076
1643475
1683270
1683281
1683342
1683381
1683460
1683494
1683616
1683665
1683839
1684034
1684044
1684177
1734253
1734511
1734580
1734686
1734749
1734769
1734938
1735042
1735065
1735108
1814336
1814484
1814512
1814526
1814637
1814644
1814746
1897347
1897439
1897529
1897553
1897599
1897680
1897736
1897755
1897821
1897896
1897902
1897948
1998890
1999033
1999040
1999085
1999172
1999178
1999218
1999342
1999409
1999416
2037354
2037390
2037555
2037558
2037596
2037621
2038068
2038728
2038730
2038794
2038802
2197260
2197270
2197330
2197344
2197426
2197461
2197483
2197668
2309360
2312453
2312592
2312622
2312842
2312903
2313584
2393053
2428728
2528067
2528151
2528163
2528343
2528358
2528472
2529237
2529266
2529404
2529445
2529504
2529544
2591968
2592049
2592089
2592106
2592134
2592219
2592328
2592648
2665129
2665214
2665220
2665263
2665283
2665419
2665458
2665473
2665610
2665998
2706724
2791727
2791903
2792834
2869590
2896779
2896879
2896885
2896910
2897744
2897838
2897897
2898126
2898182
2937628
2973077
2973092
2973578
2973681
2973731
2973774
2974102
3021270
3021327
3021447
3021678
3021733
3021922
3021925
3022037
3072661
3072729
3072747
3072849
3072962
3072966
3073032
3073090
3073240
3073305
3073347
3106835
3140205
3162872
3287870
3288514
3288556
3288650
3288656
3288672
3288817
3288832
3288923
3288928
3288938
3289146
3342364
3342423
3342721
3342845
3343730
3343757
3343790
3343835
3343892
3343927
3343960
3343989
3344027
3344309
3368990
3369143
3369164
3369348
3369357
3369414
3369511
3369528
3369594
3473738
3527180
3527700
3674624
3808668
3815085
3815109
3815120
3815169
3815192
3815251
3815351
3815487
3845821
3847493
3847657
3847744
3847794
3878151
3894220
3961414
3962157
3962455
3962670
3962823
3963092
4029747
4074250
4074503
4074784
4074880
4074957
4075130
4075165
4075247
4075280
4145957
4148435
4148707
4148736
4148791
4149084
4149087
4268275
4307087
4307130
4307257
4307278
4307305
4307339
4307428
4307432
4307445
4307630
4360996
4454590
4467212
4467259
4467271
4467324
4467366
4467445
4467499
4467514
4467795
4747191
4757524
4757570
4757648
4757674
4757718
4757769
4757778
4757840
4757967
4938024
4996713
5134077
5214116
5282258
5351635
5351640
5351666
5351786
5351818
5351835
5351839
5351906
5352013
5352172
5352205
5372266
5372266
5372285
5372470
5372483
5372492
5372583
5372715
5372837
5372845
5513317
5513440
5513675
5514377
5514493
5514512
5514599
5514624
5514639
5514639
5514864
5514868
5610982
5611012
5611155
5611254
5611311
5611375
5675068
5683087
5683223
5683241
5683327
5683356
5683397
5683444
5683457
5683480
5683506
5683574
5683604
5683639
5683735
5747247
5863037
5880777
5897900
5913790
5922558
5922653
5922683
5922919
5923023
5923218
6023157
6023267
6023308
6023435
6023481
6023586
6023918
6023997
6024232
6024251
6024320
6072167
6072176
6072257
6072292
6072353
6072464
6072518
6072526
6072656
6072680
6072697
6072757
6072865
6072914
6072970
6146997
6168514
6183940
6196145
6210507
6210560
6210563
6210633
6210643
6210671
6210683
6210825
6210875
6211004
6211092
6314070
6385120
6385418
6385429
6385468
6385496
6385588
6385617
6385630
6385917
6435431
6522070
6523173
6523232
6523236
6523323
6523372
6523432
6523472
6523509
6523647
6588257
6588386
6588625
6588784
6588849
6588933
6588936
6588992
6589004
6589299
6689403
6689552
6689750
6689758
6689785
6689822
6689859
6689934
6689947
6690030
6690034
6887545
6888671
6888812
6888890
6889008
6971577
6971694
6971767
6971978
6971991
6972216
6972237
6972278
6972340
6972395
6972533
6972691
7038157
7101904
7101941
7101952
7102105
7102153
7102230
7102260
7102433
7182706
7182714
7182953
7182983
7183007
7183035
7183236
7183253
7183559
7222424
7222539
7222579
7222664
7222667
7222691
7222753
7222760
7222811
7222847
7222866
7222935
7222990
7223057
7265023
7313172
7360150
7360175
7360272
7360294
7360295
7360307
7360355
7360447
7360483
7360498
7360759
7389644
7402826
7498771
7502104
7502115
7502130
7502262
7502302
7502498
7502707
7502928
7550205
7551937
7552121
7552150
7552246
7552273
7552305
7552418
7552446
7552494
7552601
7597271
7598313
7598510
7598648
7598681
7598724
7598735
7598882
7599093
7599143
7599165
7599254
7599392
7700103
7700326
7700501
7700512
7700595
7700597
7700758
7700813
7700992
7745149
7745208
7745301
7745305
7745311
7745319
7745323
7745443
7745451
7745476
7745604
7797702
7960571
7960951
7961341
7961380
7961502
7961583
7961640
7981747
7996228
8002390
8002463
8002538
8002558
8002587
8002713
8002769
8002940
8003244
8206806
8206960
8207100
8207414
8207682
8207685
8275009
8275293
8277103
8277172
8277233
8277329
8277334
8277400
8277448
8277563
8277606
8364540
8364628
8364738
8364764
8364788
8364838
8364900
8401623
8451201
8527612
8554357
8554776
8609354
8609380
8609633
8609662
8609712
8609762
8610213
8678116
8682498
8682728
8682855
8682897
8682973
8682998
8683116
8683135
8683178
8683280
8683381
8803728
8937829
8985446
9011632
9012356
9012482
9012483
9012516
9012574
9012589
9012668
9012721
9012736
9012740
9012853
9012894
9222203
9222218
9222261
9222300
9222311
9222347
9222361
9222406
9222434
9222460
9222597
9222646
9365897
9365905
9365913
9366062
9366095
9366141
9366381
9440457
9504124
9504261
9504299
9504385
9504490
9504602
9504781
9504793
9504928
9505004
9505410
9561315
9605579
9613329
9613341
9613471
9613506
9613624
9613663
9613862
9650165
9650214
9650274
9650390
9650424
9650516
9650654
9650929
9650971
9651431
9705786
9763316
9763447
9763518
9763717
9763745
9763750
9765094
9786933
9786938
9787089
9787189
9787454
9787786
9787795
9859917
9902570
9928770
9928914
9929114
9929150
9929168
9929481
9929530
9929654
9929658
9929839
9929868
9929917
9930306
9973333
10010067
10010597
10010646
10010766
10010931
10011280
10011305
10059911
10145185
10174331
10199624
10255233
10255367
10255396
10255591
10255668
10255873
10256173
10256306
10362177
10406509
10406552
10406566
10406664
10406664
10406784
10406819
10469399
10469564
10469614
10469645
10469736
10470649
10470756
10495764
10604241
10604523
10604681
10605134
10650150
10650356
10650766
10650873
10651540
10651541
10651636
10651641
10651768
10651841
10651868
10697177
10697194
10697330
10697370
10697475
10697518
10697522
10735342
10735933
10736198
10736202
10736258
10736278
10736476
10789643
10899842
10900887
10900911
10900964
10901061
10901120
10901365
10901556
10901571
10931658
10959963
10989650
10990088
11038470
11041890
11135733
11135857
11136321
11136801
11136914
11137021
11137098
11137155
11236942
11237447
11237569
11237638
11237725
11237811
11332437
11332464
11332485
11332663
11332680
11332739
11333877
11490470
11504580
11504609
11504651
11504709
11504733
11504738
11504846
11590455
11592136
11592325
11592361
11592773
11592912
11592976
11593040
11593084
11593094
11593097
11593240
11593280
11593311
11852276
11852283
11852579
11852847
11853096
11853249
11854684
12003980
12038977
12039038
12039047
12039094
12039203
12039485
12039884
12039951
12078147
12081039
12081145
12081172
12081276
12081298
12167976
12168173
12168313
12168368
12168506
12168663
12168717
12168748
12168753
12168817
12168846
12168900
12168958
12168972
12169004
12224527
12224738
12225374
12281347
12281602
12282293
12282877
12282903
12282937
12282998
12283112
12283131
12283133
12283246
12343618
12343637
12343715
12343772
12343783
12343826
12343986
12344060
12385484
12385491
12385635
12385823
12385838
12386009
12508244
12508323
12508413
12508456
12508480
12508549
12508598
12508885
12647706
12690075
12690085
12690194
12690301
12690305
12690354
12690596
12690751
12834576
12834609
12834881
12834911
12834926
12835070
12835137
12835183
12835224
12835459
12835465
12872460
12872497
12872803
12872817
12872926
12873390
12873538
12873590
12874007
12939386
12939474
12939575
12939622
12939750
12939832
12939872
12939878
12939903
12940053
12940144
12940251
12991201
13057264
13057391
13057399
13057409
13057426
13057464
13057467
13057517
13057564
13057570
13057638
13057645
13057665
13057675
13111245
13111559
13111627
13111632
13111650
13111721
13111736
13111787
13111788
13111811
13111825
13111955
13112156
13173901
13283666
13304980
13424001
13433427
13433520
13433553
13433878
13434157
13434250
13434327
13434617
13464135
13464189
13464345
13464426
13464434
13464440
13464658
13464818
13490815
13513224
13662244
13662339
13662393
13662460
13662665
13662925
13662932
13663254
13663402
13663434
13663473
13663882
13740315
13740339
13740421
13740464
13740473
13740531
13740625
13740639
13783558
13783595
13783608
13783612
13783639
13783711
13783748
13783751
13783753
13783935
13784049
13812338
13812380
13812402
13812507
13812567
13812602
13812619
13812758
13812779
13812898
13847688
13847743
13847863
13847887
13847919
13848046
13848101
13848121
13873033
13882360
13882411
13882427
13882485
13882582
13882585
13882649
13882726
13882765
13882906
13883061
13916469
13947133
14020436
14021715
14021900
14021964
14022033
14022062
14022122
14022196
14022235
14022276
14022360
14022412
14022422
14084921
14084965
14084968
14085061
14085078
14085158
14085250
14085259
14085322
14085389
14085468
14147803
14148081
14148278
14148306
14148441
14148463
14148492
14148688
14148700
14148859
14148976
14148976
14148987
14232027
14250672
14250841
14250925
14251031
14251085
14251166
14251185
14357748
14394288
14462810
14462920
14462952
14462968
14462998
14463055
14463071
14463090
14463113
14463142
14463187
14463277
14463346
14463612
14509697
14534527
14546234
14546287
14546318
14546527
14546698
14546727
14547423
14547449
14547717
14547763
14615867
14630067
14630184
14630214
14630255
14630290
14630325
14630360
14630399
14630431
14630438
14630444
14678141
14678292
14678295
14678473
14678481
14678524
14678600
14678608
14678744
14678753
14678799
14678908
14678984
14739225
14744695
14749590
14749671
14749754
14749932
14749952
14749957
14750063
14750083
14750151
14750646
14812686
14848755
14873914
14873967
14874040
14874045
14874047
14874077
14874116
14874140
14874160
14874169
14874202
14874257
14874271
14874277
14921538
14943216
14943237
14943387
14943712
14944277
14944461
14944539
14944765
