15000000
2105
18388
18592
18691
18849
19999
20187
20293
20320
20332
20417
20437
20447
20656
139784
139869
139881
139912
139938
140004
140076
140091
140098
312203
312497
312539
312646
312733
313991
314235
314278
314334
314393
314409
314547
364036
497417
497686
497686
497690
497839
497866
497873
497891
498139
498287
498406
560705
560885
560951
560970
561027
561087
561179
561223
561278
598227
598239
598251
598369
598457
598594
600054
600331
600370
600443
600554
600581
600637
711712
711879
711883
711969
712212
712214
712357
814697
1030917
1031221
1031246
1031309
1031309
1031335
1031362
1031382
1031400
1031500
1031518
1031534
1031619
1071175
1071636
1086445
1086465
1086493
1086725
1086774
1086786
1167846
1258876
1271307
1271511
1271533
1271542
1272410
1272430
1272569
1272689
1272727
1272797
1272827
1309640
1317897
1318009
1318019
1318171
1318226
1318279
1318314
1318336
1318567
1348559
1461251
1461267
1461271
1461309
1461374
1461415
1461492
1461595
1461828
1548212
1604772
1604793
1604809
1604867
1604885
1604909
1604985
1605058
1605156
1605213
1758652
1852829
1852896
1852971
1852973
1853043
1853273
1853279
1853329
1853517
1867098
1917460
1917519
1917572
1917582
1917677
1917730
1917792
1917792
1917850
1917893
1918101
1918723
2022061
2022415
2022818
2022943
2023119
2023127
2023362
2023409
2023413
2023663
2023749
2023858
2103217
2148542
2193816
2256534
2258074
2258887
2258898
2259161
2281769
2306080
2306181
2306188
2306316
2306826
2307877
2308000
2308039
2342848
2343223
2343462
2343754
2344819
2344847
2344866
2344890
2344935
2344942
2391738
2406432
2406674
2406883
2406896
2407017
2407027
2407031
2407031
2407119
2407137
2407161
2407165
2407183
2407354
2485419
2701750
2701781
2701817
2701984
2702725
2702738
2703760
2721757
2736739
2758274
2778906
2779084
2779126
2779230
2780837
2781488
2825833
2861174
2947619
3144052
3188104
3188264
3189142
3189270
3189281
3189306
3189364
3189429
3189482
3189536
3189616
3189710
3282924
3290906
3291359
3291504
3291505
3291640
3291726
3291747
3291774
3291894
3291918
3352238
3372450
3372678
3372721
3372760
3372822
3372927
3372988
3373001
3373011
3373169
3373385
3425207
3425216
3425286
3425400
3425590
3425596
3425688
3425808
3425827
3465752
3465823
3466064
3466348
3508596
3585900
3586289
3586294
3586324
3590083
3590194
3590284
3590425
3590487
3590578
3590616
3704859
3731003
3780255
3780270
3780322
3780478
3780538
3780549
3780615
3780624
3780694
3780734
3780768
3828908
3829093
3829183
3829399
3877844
3878080
3878100
3878399
3879206
3879405
3879495
3922191
4017464
4017858
4017876
4018283
4058568
4059289
4059529
4059563
4059885
4060054
4060306
4076271
4120415
4120484
4120489
4120644
4120663
4120722
4120832
4120866
4120999
4121067
4200736
4200742
4200745
4200786
4200892
4200929
4200929
4200943
4201069
4201074
4201085
4201131
4233474
4368668
4368672
4368702
4368769
4368798
4368818
4368825
4368870
4368922
4369013
4369020
4369113
4369238
4417989
4417995
4418025
4418091
4418142
4418158
4418161
4418192
4418245
4418260
4418284
4418293
4418309
4418330
4418345
4418363
4457496
4488880
4498682
4498752
4498769
4498808
4498814
4498955
4498970
4498973
4498986
4499018
4499116
4499116
4499129
4499137
4584082
4639630
4640180
4672591
4687764
4741841
4741973
4741990
4742257
4742267
4743839
4743853
4744109
4757837
4947630
4983130
4983148
4983228
4983301
4983449
4983517
4983577
4983683
4983755
5188914
5188934
5189026
5189055
5189204
5191802
5223104
5225051
5225137
5245879
5245962
5246022
5246065
5246097
5246151
5246186
5246304
5246359
5300678
5306919
5306921
5306944
5307049
5307063
5307363
5308123
5308148
5308156
5308351
5308392
5352120
5440225
5440243
5440243
5440346
5440349
5440359
5440391
5440412
5440511
5440527
5440551
5440650
5497009
5512906
5538922
5538966
5539022
5539139
5539275
5539943
5540100
5540165
5580272
5626549
5626892
5669590
5789320
5789381
5789456
5789514
5789536
5789614
5789626
5789657
5789703
5789704
5789764
5789822
5789825
5789984
5789995
5789998
5790097
5833517
5835280
5882005
5931232
6078636
6078976
6079219
6079227
6079235
6079270
6079300
6079394
6079434
6079435
6079536
6079654
6251054
6272329
6307942
6308039
6308149
6308237
6308362
6308390
6309574
6369383
6377803
6377908
6377921
6378004
6378017
6378045
6378080
6378083
6378285
6378437
6428862
6436683
6437178
6448524
6448629
6448668
6448677
6448827
6448834
6448886
6448887
6449055
6485470
6505374
6505467
6505484
6505540
6505567
6505765
6505952
6506134
6547297
6555640
6555716
6555779
6555791
6555793
6555802
6555944
6556115
6556132
6556140
6611671
6611944
6611967
6612014
6612080
6612125
6612146
6612241
6612379
6613697
6757185
6782343
6782354
6782389
6782485
6782553
6782593
6782593
6782646
6782696
6782771
6782797
6783602
6820322
6884747
6885871
6885897
6885900
6885924
6885988
6885989
6886012
6886033
6886049
6886119
6886119
6886163
6886202
6886225
6886339
6921187
6941674
6941796
6941809
6941824
6941839
6941857
6941928
6941959
6941970
6941994
6942142
6942220
6942317
6990520
6990526
6990598
6990607
6990609
6990614
6990662
6990718
6990759
6990794
6990862
6990932
6991058
7092396
7232851
7262755
7310572
7311067
7393710
7393738
7393755
7393810
7393835
7393842
7393885
7393931
7393934
7393947
7393973
7393995
7394007
7394035
7489147
7532426
7581593
7814506
7814602
7814629
7814753
7814765
7815013
7815363
7815552
7815736
7987350
7987388
7987462
7987471
7987530
7987656
7987698
7987701
7987703
8042360
8073549
8082985
8102733
8157610
8157642
8157642
8157812
8157863
8157960
8157974
8157985
8158000
8213336
8343200
8343202
8343266
8343370
8343372
8343384
8343509
8343538
8343585
8343620
8343685
8343697
8343698
8343711
8531461
8546383
8546493
8546556
8546615
8546791
8546891
8546987
8566167
8604632
8688562
8688606
8688606
8688620
8688622
8688756
8688783
8688801
8688812
8756803
8761962
8784577
8808405
8808590
8808750
8808954
8810306
8810319
8810412
8810413
8810414
8810456
8810533
8890464
8899590
8911812
8948059
9019363
9019580
9019626
9019660
9019704
9019805
9019855
9019867
9019895
9055165
9055202
9055215
9055295
9055308
9055329
9055366
9055437
9055554
9090749
9188572
9189551
9238167
9238456
9238652
9238704
9239082
9317811
9317819
9317866
9318077
9318157
9318200
9318251
9318353
9318428
9418169
9418226
9418538
9418582
9419041
9419047
9419176
9419236
9419275
9419387
9419406
9419408
9419436
9446168
9447845
9466645
9466666
9466885
9466920
9468777
9468968
9469624
9469751
9470055
9497508
9497509
9497524
9497538
9497725
9497735
9497793
9497836
9497871
9497886
9497909
9497955
9498079
9522481
9522595
9522614
9522640
9522672
9522684
9522724
9522776
9522779
9522795
9522831
9522875
9522941
9522963
9523077
9544729
9544733
9544735
9544878
9544938
9545103
9545141
9545285
9545361
9545421
9620138
9659447
9894776
9894777
9894792
9894869
9894907
9895025
9895066
9895150
9895286
9953266
9974212
9974385
9974450
9974457
9975782
9975863
9975959
9976020
9976086
9976119
9976125
9976590
10013716
10013720
10013728
10013817
10013852
10013956
10013995
10014009
10014128
10014157
10090460
10090576
10090591
10090593
10090653
10090733
10090785
10090823
10090905
10091152
10256381
10256522
10256630
10256687
10258914
10349938
10350030
10350034
10350040
10350217
10350227
10350538
10350638
10425398
10600886
10744662
10782568
10800320
10800672
10933368
10961362
11052671
11069534
11070077
11098439
11119287
11119296
11119302
11119449
11119515
11293199
11293210
11293741
11400403
11637296
11741666
11741679
11741697
11741822
11741878
11741927
11743280
11916813
11917101
11954897
11955032
11955041
11955124
11955369
11955455
11955462
11955503
11955667
11955674
11955736
12069015
12069230
12069491
12069570
12070340
12070450
12070580
12210838
12227441
12247156
12333006
12366864
12424297
12424986
12598786
12679420
12718066
12795706
12832099
12832133
12832189
12832284
12832392
12832551
12832597
12832799
12832934
12981556
12981605
12981614
12981623
12981708
12981760
12981760
12981761
12981890
12981899
12981904
12981932
13041215
13041428
13041433
13041640
13043063
13043084
13043101
13043150
13043225
13079160
13079428
13079444
13079590
13079642
13080229
13124086
13238469
13265754
13265894
13265903
13265954
13265954
13265983
13266063
13266084
13266087
13266093
13266199
13266210
13266233
13266250
13333586
13358167
13457002
13457141
13457288
13457300
13457484
13457528
13457640
13457897
13458475
13458720
13507823
13536944
13715274
13734882
13734886
13734932
13734971
13735041
13735064
13735072
13735146
13735266
13735286
13735292
13735327
13735459
13735513
13735548
13771247
13771404
13771486
13771565
13773681
13773818
13773837
13773965
13774047
13808645
13849527
13849867
13880102
13881461
13881506
13881521
13881539
13881562
13881644
13881649
13881715
13881818
14079433
14151247
14170792
14175616
14288905
14292803
14336703
14336717
14336819
14336846
14336925
14336940
14337021
14337034
14337045
14337124
14337159
14392896
14393003
14393028
14393121
14393139
14393163
14393172
14393184
14393273
14393349
14393469
14393547
14510131
14510374
14510462
14510657
14511764
14511919
14511929
14511967
14511983
14512017
14620636
14620653
14687932
14737166
14737228
14737238
14737270
14737304
14737347
14737350
14737365
14737412
14737420
14737445
14737472
14737492
14737556
14737557
14814139
14917372
14917496
14917526
14917679
14917805
14917911
14917936
