15000000
255
44497
93116
161743
283671
365372
463123
571561
699198
733749
811817
877440
951198
972780
1061038
1275197
1438252
1566161
1722462
2189727
2341274
2369109
2439323
2512383
2602871
2624712
2657590
2698644
2804686
2967148
2995660
3058814
3164315
3206779
3364762
3546948
3581373
3773623
4185228
4324404
4408733
4630942
4738364
4916368
5169588
5250224
5431787
5529501
5693714
5694192
5717739
5841744
5860648
6138214
6177501
6219152
6474287
6474820
6503239
6558575
6611096
6660311
6739772
6842404
6858759
6902752
6951371
6985423
7371801
7557240
7700103
7909204
8029373
8390299
8540798
8692305
8740126
8789221
8808591
8891573
9092788
9187387
9318731
9491483
9506920
9600628
9837482
9849813
10013523
10136369
10159422
10186407
10452403
10516324
10590844
10753382
10831870
10989131
11064574
11252574
11453207
11501833
11518491
11716174
12029466
12142862
12282542
12314051
12408468
12448908
12626389
12668573
12727705
12998888
13098708
13329905
13389683
13414963
13734961
14288789
14369201
14369936
14388910
14450755
14589574
14623830
14712898
14846253
