15000000
1033
19542
19613
19664
19830
19853
20429
141675
168788
294858
312263
312284
312662
313614
313779
313838
360309
497741
562683
562706
562730
562921
599654
599913
600129
600144
646057
711666
711924
785690
825729
832852
933827
1031524
1086068
1086467
1088088
1088157
1088185
1088289
1088775
1133049
1141724
1142088
1271151
1271435
1271581
1281422
1319078
1319085
1319483
1320181
1349140
1461211
1461285
1462276
1603221
1603299
1603342
1603602
1605858
1779864
1853995
1854060
1854097
1854370
1854486
1884975
1917588
1917765
1917832
1918098
2022392
2022498
2022664
2103758
2111658
2249070
2257559
2257628
2257904
2257907
2305368
2308141
2308325
2308438
2308605
2308618
2308985
2309162
2342366
2344701
2344749
2344801
2344866
2344999
2359465
2406810
2407066
2471944
2521540
2537387
2595207
2655525
2702685
2702760
2702797
2702854
2702920
2702999
2703028
2703141
2739889
2777400
2780524
2780533
2780624
2780721
2780795
2780945
2817853
2853881
2854249
2870216
2897912
3025251
3085978
3188968
3189118
3189198
3189364
3247383
3290997
3291139
3291316
3291348
3311328
3325304
3369270
3372622
3372692
3419252
3424788
3425281
3451341
3589555
3589564
3590102
3590495
3779891
3780174
3780327
3862634
3876437
3879493
3879563
3879596
3879669
3879990
4027456
4060038
4060213
4060633
4120453
4121972
4122200
4122213
4200411
4202287
4202547
4202775
4293600
4368039
4368040
4368133
4368245
4368567
4418966
4419009
4419269
4419382
4419435
4498688
4553521
4709108
4743988
4744352
4836689
4907203
4933576
4983749
4983814
5192187
5192536
5224929
5225296
5307766
5307848
5349067
5428476
5429135
5439638
5440305
5540046
5540061
5540106
5540206
5540311
5591776
5624562
5686968
5698988
5769181
5775850
5789325
5789422
5789444
5789493
5789597
6078839
6079190
6082688
6170405
6308152
6308599
6308850
6326626
6453151
6505565
6506566
6555736
6555815
6555834
6556189
6612094
6612114
6612136
6612390
6754881
6782480
6783537
6787040
6787243
6805604
6836849
6885704
6885766
6886232
6902493
6912062
6941251
6941330
6941418
6941423
6941697
6983871
6990481
6990571
7119392
7164107
7256470
7392389
7393072
7393959
7393972
7393993
7393996
7394121
7562726
7670463
7814664
7815785
7816014
7839166
7886852
7920542
7970857
7988411
7988423
7988526
7988573
7988667
8003602
8040950
8156298
8157576
8157758
8157871
8157909
8158130
8215756
8231499
8322099
8342962
8343208
8343317
8343374
8540249
8546887
8547695
8581401
8689230
8689445
8689500
8689612
8689783
8689981
8702108
8756674
8774998
8809552
8809567
8809578
8809582
8809767
8874712
9018828
9018913
9018943
9019143
9058294
9156370
9244078
9317823
9317855
9318102
9372485
9389851
9418511
9418753
9418897
9468346
9468401
9468483
9468597
9468689
9468731
9468806
9468856
9497571
9498713
9498729
9498772
9498800
9498987
9523446
9523646
9523747
9543038
9649178
9710556
9895972
9895976
9895986
9896117
9896137
9896178
9896201
9944995
9975712
9975722
9975874
9975927
9976544
10014931
10014932
10014980
10015163
10068570
10090204
10090532
10090615
10167558
10257562
10257603
10257706
10257731
10350779
10350836
10351028
10351133
10351183
10398979
10484397
10692622
10824035
10859557
10953549
10995955
11061363
11118720
11120437
11120576
11120738
11120741
11120808
11120817
11120877
11121087
11172295
11316817
11321176
11335470
11400263
11538578
11593447
11650482
11693367
11693698
11740097
11740489
11741764
11741847
11803161
11826995
11955442
11956638
11956728
11956821
12070428
12070513
12070534
12070584
12070643
12070710
12070851
12092188
12170859
12204234
12204532
12259894
12387927
12483886
12702146
12804141
12833148
12833237
12833319
12833465
12833488
12833646
12833740
12878434
12950274
12981464
12999246
12999645
13042253
13043142
13043206
13043350
13065290
13080344
13080458
13080495
13080602
13080608
13080720
13080866
13109291
13110337
13219463
13265768
13346706
13370256
13431331
13447944
13458183
13458363
13458449
13458603
13730850
13735128
13735913
13773467
13874605
13880235
13880542
13880735
13880931
13881062
13956953
13999701
14000640
14072825
14224551
14266044
14266817
14336349
14336373
14336376
14336408
14336628
14336777
14392544
14392838
14392886
14393795
14511099
14511168
14511402
14511978
14627978
14673414
14673539
14673943
14674440
14738388
14857129
14894011
14919246
14919655
14919848
14919959
14993051
