15000000
1190
19427
19444
19902
20376
20550
20797
138977
139989
140101
140253
140339
153517
192017
312165
312211
312443
313244
320171
463246
464436
495936
496681
497372
497479
497622
558833
559812
560672
560724
562447
598811
599194
599309
599509
599640
600011
600187
634412
711247
711513
711595
711917
712088
712326
712440
940845
972769
1009746
1010284
1011184
1011621
1011897
1030737
1030852
1031375
1031411
1031419
1031578
1031586
1085832
1086053
1087729
1088084
1088287
1088904
1247885
1269939
1271809
1271839
1272061
1272776
1316608
1317344
1317977
1318039
1318049
1318142
1318373
1318432
1416909
1421572
1447572
1460903
1461279
1461326
1461531
1461553
1477694
1546070
1604181
1604211
1604276
1604295
1604395
1662947
1681748
1840633
1852667
1853356
1853440
1917822
1917839
1918040
1918065
1918547
1990892
2022973
2022989
2023140
2023144
2023182
2124657
2228170
2257559
2258181
2258271
2258564
2305847
2306509
2307025
2308991
2309014
2343621
2343911
2344191
2344193
2377089
2388503
2394760
2406519
2406541
2406601
2406704
2406820
2406851
2407156
2446404
2648661
2701394
2701793
2701801
2701825
2702869
2703564
2703706
2779060
2779259
2779572
2781582
2852426
2879086
2905008
2905926
2935848
3047234
3093235
3120180
3187974
3188210
3188335
3188564
3189826
3291490
3291717
3291760
3291761
3291925
3372661
3372718
3372815
3372954
3372985
3373077
3373535
3424697
3424706
3425024
3425242
3425367
3425699
3464897
3526564
3587615
3589042
3589577
3589652
3590183
3590504
3711475
3779411
3779485
3779668
3779804
3878079
3878237
3878399
3879026
3879451
3989264
4057105
4059334
4059388
4059488
4059666
4119243
4120865
4120960
4120972
4121041
4121088
4121093
4121295
4173602
4200800
4200809
4200888
4200927
4200970
4201008
4201189
4201414
4272673
4368054
4368103
4368154
4368403
4368689
4369138
4417340
4417714
4417974
4418114
4418239
4418254
4418358
4418372
4418389
4498336
4498482
4498574
4498694
4498860
4498986
4721988
4739859
4740455
4740861
4743729
4744430
4878029
4983151
4983182
4983268
4983341
4983376
4983529
5016056
5144040
5187665
5189402
5189444
5189893
5222738
5245412
5245702
5245759
5246033
5246249
5261286
5305740
5306014
5307688
5307759
5307762
5307946
5308305
5439480
5439584
5439729
5440232
5539220
5539695
5539699
5539803
5539884
5540349
5560442
5712468
5789122
5789180
5789195
5789253
5789352
5789366
5789434
5789554
5802136
5833299
5890644
6024345
6078474
6078729
6078802
6078832
6079066
6079354
6241672
6306641
6307296
6308260
6356683
6377317
6377563
6377632
6377727
6377963
6447384
6448509
6448525
6448852
6504485
6505419
6505433
6505512
6505535
6506596
6554505
6555007
6556021
6556427
6612099
6612144
6612185
6612316
6612376
6671910
6702611
6781705
6782023
6782154
6782279
6818846
6885392
6885402
6885530
6885772
6885979
6885993
6886023
6886104
6916657
6941199
6941225
6942146
6989100
6989613
6989938
6989942
7206579
7311319
7355299
7380701
7392923
7392928
7393143
7393333
7393470
7393860
7393883
7393955
7394043
7592451
7812693
7815161
7815195
7815377
7986236
7987010
7987044
7987183
7987233
8148652
8156755
8157038
8157164
8157164
8157774
8158037
8158063
8342988
8343033
8343041
8343276
8343294
8467854
8547550
8548331
8687051
8688515
8688889
8689663
8705305
8740533
8806915
8809526
8809646
8809691
8809730
8809865
8809909
8810395
8851605
9019672
9019698
9019946
9020243
9148142
9242154
9277767
9316648
9317582
9317748
9317777
9317877
9361697
9396118
9418437
9418495
9418580
9418697
9418839
9419098
9419139
9419170
9419322
9445632
9469067
9469081
9469221
9469225
9469320
9496576
9497276
9497432
9497447
9497462
9522003
9522042
9522201
9522222
9522232
9523429
9545448
9545520
9545580
9545755
9546039
9595359
9676670
9789840
9826837
9894070
9894571
9894625
9894955
9894955
9974330
9974713
9975114
9975366
9976935
9997923
10013417
10013759
10013763
10013837
10013854
10013946
10013993
10014050
10088720
10090686
10090754
10090802
10090894
10091078
10220311
10348501
10349033
10349352
10349485
10349824
10380169
10425460
10513127
10542669
10757125
10923587
10937151
11033140
11054827
11117700
11118664
11119001
11120321
11120383
11252154
11291890
11332843
11689197
11713607
11742483
11742549
11742582
11742765
11742827
11915047
11942809
11954904
11954920
11954962
11955092
11955108
11955471
12068712
12069050
12069203
12069410
12069662
12071085
12229089
12337670
12528434
12636851
12695472
12709472
12785851
12812722
12832167
12832310
12832416
12832801
12832943
12890352
12980170
12980848
12981582
12981673
12981738
12981887
12981891
12981898
13041957
13042051
13042133
13042392
13042519
13078480
13078516
13079089
13079280
13079305
13226849
13265425
13265462
13265621
13265764
13265856
13265980
13279419
13371718
13442593
13457552
13457604
13457761
13457925
13514855
13546541
13704203
13734460
13734694
13734731
13734794
13734948
13772737
13772862
13773060
13773113
13773152
13815588
13880361
13881371
13881397
13881433
13881492
13881573
13881582
13988828
14335174
14336135
14336141
14336318
14336498
14337370
14392606
14392718
14392896
14392923
14392956
14451089
14482369
14510695
14510995
14511451
14511457
14511691
14511814
14511895
14700062
14736885
14737050
14737071
14737119
14737196
14737296
14737410
14792300
14840079
14916164
14917406
14917601
14917696
14943957
