15000000
1353
19661
19782
19820
20013
20051
20247
20272
54991
81646
139118
139294
139297
139497
139647
185505
310848
312429
312474
312744
312842
313468
313479
429076
429685
497153
497253
497361
497392
497663
532060
559382
559531
560800
560843
561184
597362
598260
599770
599790
599835
599866
599870
599925
600019
600228
711499
711747
711926
712240
712311
712489
712530
779040
964070
1010812
1013184
1023020
1031076
1031251
1031322
1031353
1031569
1081775
1086536
1086745
1088146
1088168
1088323
1088639
1248872
1256459
1270159
1272031
1272046
1272085
1272194
1272375
1272383
1317059
1317348
1317622
1317775
1318305
1353412
1461047
1461052
1461216
1461300
1461426
1461477
1478574
1478936
1604507
1604589
1604648
1604669
1604690
1648628
1663878
1841841
1852631
1852764
1852781
1852846
1852852
1853021
1853383
1917164
1917173
1917373
1917505
1918229
1918328
1992215
2023171
2023174
2023282
2023382
2023458
2047757
2080306
2126075
2185958
2186749
2257681
2258323
2258428
2258565
2306425
2306969
2307273
2307850
2309113
2309245
2309563
2343838
2344049
2344050
2344338
2344377
2344405
2375640
2377769
2406730
2406755
2406899
2406901
2406995
2407089
2407157
2449113
2526474
2527695
2552538
2631127
2673932
2700295
2700940
2701037
2701353
2702517
2702572
2702770
2703722
2704139
2742466
2777428
2777752
2779931
2780612
2809599
2878836
2896204
2919929
2964746
3027057
3048055
3095535
3123604
3169743
3186506
3188709
3188872
3188931
3188943
3189161
3189273
3190495
3273916
3290718
3290753
3291813
3291839
3292050
3292286
3292555
3372076
3372243
3372313
3372406
3372993
3373161
3373181
3425145
3425546
3456798
3589962
3590135
3590371
3590376
3591441
3591604
3684503
3692982
3779748
3779835
3780066
3780077
3780087
3781245
3781377
3781780
3807215
3826483
3877856
3878268
3878368
3878669
3879301
3959149
3972432
3990448
4058283
4058525
4058775
4058793
4058997
4060038
4060527
4113322
4120432
4120561
4120692
4120819
4121211
4121374
4174139
4200866
4200941
4201217
4201378
4201656
4231136
4283563
4308597
4329934
4368415
4368783
4368840
4368884
4369026
4417222
4417365
4417464
4417475
4418002
4418080
4418667
4418845
4498640
4498785
4498785
4498807
4498913
4499019
4564931
4580295
4585827
4741664
4741799
4741803
4742056
4840488
4878794
4912515
4938903
4981810
4982265
4982302
4982730
4983541
5188937
5189847
5191758
5223525
5223921
5223935
5224439
5245830
5245930
5246070
5306475
5306643
5307071
5307772
5307815
5307897
5307906
5308009
5308172
5308202
5363321
5380787
5439845
5439987
5440313
5440356
5455847
5496533
5538898
5539014
5539754
5539797
5539848
5539977
5540000
5540205
5725165
5789092
5789094
5789127
5789275
5789300
5789452
5789586
5789659
5890903
5916997
5987315
6078713
6079017
6079031
6079213
6080555
6161050
6169353
6191863
6242063
6267116
6307630
6307770
6357807
6358030
6377841
6377997
6378071
6378131
6405032
6447134
6447475
6447679
6496347
6496725
6504983
6505747
6505911
6505991
6506011
6506127
6555298
6555396
6555432
6555604
6556536
6556906
6607874
6611884
6611908
6612003
6612076
6612721
6704085
6704804
6743867
6782182
6782187
6782241
6782337
6782353
6782429
6782445
6782685
6854415
6854761
6885432
6885565
6885592
6885701
6885741
6885763
6885841
6886284
6941660
6941824
6941844
6941852
6942875
6990267
6990464
6990503
6990536
6990606
6990652
6990701
7185392
7380319
7393447
7393463
7393611
7393648
7393715
7393721
7393853
7437520
7515094
7581996
7582920
7631649
7813320
7813702
7815368
7815495
7815516
7986006
7987067
7987205
7987256
7987333
7987690
8018796
8039978
8063327
8092430
8157430
8157459
8157481
8157661
8157728
8157741
8343348
8343460
8343463
8343576
8343654
8343677
8384378
8488806
8515604
8546365
8547946
8548239
8548530
8630676
8652331
8665248
8687506
8687588
8688042
8688151
8690039
8690304
8690317
8809537
8809554
8809588
8809866
8809977
8810137
8810311
8810423
8810519
8841692
8888198
8900800
8987335
9019667
9019849
9020006
9020030
9055664
9085649
9122299
9242676
9317537
9317948
9318318
9319062
9324940
9325585
9355859
9379140
9418912
9418916
9418923
9418977
9418978
9419012
9419106
9419107
9419222
9419313
9467535
9467766
9467982
9468164
9469437
9469572
9469583
9492108
9497369
9497535
9497808
9497823
9498418
9522376
9522427
9522532
9522580
9522595
9523018
9523251
9544631
9544691
9544871
9544917
9545612
9596118
9596376
9644617
9768461
9815303
9893201
9894404
9894836
9894884
9895387
9895510
9895753
9975307
9975322
9975327
9975433
9975623
9975732
10013719
10014106
10014343
10014600
10014624
10014761
10090821
10091097
10091222
10091238
10091360
10198893
10220684
10221375
10255247
10255789
10257584
10346286
10349761
10349824
10349861
10349929
10379786
10380455
10482725
10622398
10658069
11033684
11119158
11119335
11120507
11120633
11120770
11514982
11629591
11741270
11741282
11741367
11741427
11742996
11743115
11769900
11889825
11898811
11953353
11953785
11953825
11954042
11954290
11955449
11955477
12069590
12069828
12070137
12070335
12070397
12070497
12265283
12461422
12666366
12830746
12832122
12832314
12833038
12833076
12833086
12833131
12833264
12833303
12842904
12886382
12981103
12981235
12981328
12981489
12982403
12982730
13007508
13042389
13042455
13042596
13042624
13042713
13042784
13076768
13078727
13079706
13079961
13080100
13080130
13155188
13256955
13265758
13265909
13265931
13266021
13266043
13266094
13266131
13280331
13295173
13386503
13409650
13457457
13457647
13457695
13457830
13458374
13601191
13735024
13735153
13772324
13773334
13773336
13773403
13773441
13773517
13773519
13773592
13773666
13837992
13880629
13880714
13880957
13881926
13922013
14085036
14321053
14336445
14337050
14337092
14337491
14337837
14387345
14392189
14392322
14392365
14393060
14510831
14510897
14510911
14511764
14696573
14701067
14736293
14736388
14737300
14737325
14737353
14737402
14737477
14863652
14893871
14916407
14916460
14916680
14917042
14917996
