15000000
967
19487
19856
19870
20096
20362
69626
80936
141214
141386
209813
313296
313388
313563
313576
313867
497639
497700
497701
497714
497759
497856
497883
561159
562270
562399
562466
562531
597303
599871
599903
599938
599940
599978
600053
600346
654124
711142
711524
711792
712206
857431
946133
1011834
1030723
1030742
1030909
1031117
1057396
1085489
1085513
1085956
1086246
1087847
1088346
1088391
1088703
1088851
1141198
1155951
1198274
1223062
1235356
1317441
1318099
1318147
1318197
1366515
1404268
1462006
1555282
1602861
1604123
1604142
1604886
1635271
1714412
1753430
1854006
1884310
1917499
1917571
1917725
1917918
1954439
2010032
2023030
2023133
2023147
2023294
2103403
2121320
2190047
2204509
2219502
2257048
2257215
2257559
2257572
2258841
2308383
2308668
2308833
2308837
2309527
2342339
2342544
2342987
2344441
2344496
2359288
2405736
2405900
2406134
2406391
2427397
2540111
2644589
2700244
2702861
2703023
2703134
2703242
2703507
2703544
2703634
2703693
2764218
2764743
2780554
2780568
2780580
2780668
2806159
2853461
2883639
2951856
3119008
3173604
3188535
3188902
3283306
3291246
3291518
3291553
3291592
3292119
3372709
3372947
3373013
3373040
3373740
3386879
3425087
3431246
3590177
3590211
3590346
3590598
3667848
3724232
3779781
3780134
3780208
3780235
3877917
3879097
3879491
3879642
3982348
3991334
4060223
4060831
4119524
4120306
4120772
4121554
4121864
4142671
4200758
4200827
4200914
4200947
4201159
4367860
4368034
4368201
4368297
4418168
4418247
4418252
4480882
4498159
4498169
4498272
4498287
4743773
4744288
4744640
4745135
4894201
4921650
4976324
4984821
5305729
5307922
5308014
5308056
5308162
5308180
5308233
5314041
5439340
5439505
5440026
5501355
5539090
5539175
5540158
5540419
5540882
5564265
5615060
5733337
5788938
5789081
5789249
5789259
5789267
5789483
5789598
5789602
5849738
5965958
6079328
6153011
6308236
6308475
6309074
6309133
6383813
6505419
6505925
6506343
6506350
6506451
6555777
6555833
6555856
6555976
6555994
6612123
6612178
6612205
6612318
6770450
6782240
6782485
6782506
6782632
6885363
6885392
6885506
6885535
6885809
6886062
6941214
6941270
6941696
6941732
6983622
6990037
6990333
7213356
7393806
7393818
7393833
7393846
7393967
7534214
7710985
7814994
7815412
7815508
7815583
7854245
7987716
8155964
8157577
8157699
8157741
8157883
8235054
8342780
8343002
8343440
8378874
8498849
8547889
8571305
8631147
8689648
8689661
8689732
8689823
8689916
8690404
8704457
8782613
8809677
8809764
8809862
8809891
8852361
9006129
9019232
9019346
9019383
9019425
9057880
9185348
9317910
9318063
9318067
9318087
9366808
9418432
9418623
9418864
9418996
9419232
9419350
9419378
9468312
9468328
9468491
9468521
9469408
9497433
9497698
9497872
9498787
9522356
9543284
9543609
9543666
9544150
9586355
9638942
9800686
9828582
9864935
9885474
9895997
9895999
9896059
9896077
9896471
9975274
9975495
9975725
9975726
9976119
10014018
10014460
10014831
10014905
10022608
10090637
10090814
10090888
10090916
10120024
10257433
10294309
10306228
10339818
10349947
10349979
10351494
10471750
10483457
10722834
10944459
11108154
11117969
11120664
11120702
11120841
11207888
11273408
11421324
11558734
11603715
11604377
11620170
11650096
11684753
11685285
11685469
11743066
11743077
11743382
11744052
11841478
11955141
11955241
11955400
11955401
12068960
12070325
12070335
12070539
12070657
12070659
12070901
12140358
12279289
12348529
12645350
12669923
12701656
12831364
12833440
12833470
12833697
12834126
12855826
12908358
12967849
12975355
12981633
12981751
12981815
12981924
13014658
13043196
13052368
13073619
13108449
13237994
13265393
13265473
13265605
13265897
13302080
13451557
13457955
13458003
13458217
13458295
13458492
13734846
13734909
13734918
13773114
13773191
13773422
13773624
13773639
13847730
13852180
13880971
13881528
13961325
13985151
14103632
14162545
14223778
14277016
14335177
14335431
14335807
14336053
14337781
14359530
14360048
14378283
14392635
14393030
14393072
14393110
14511630
14511640
14511865
14511889
14511918
14694134
14737157
14737246
14737289
14737433
14737460
14839702
14919260
14919655
14920064
14981356
