15000000
2049
18748
19084
19209
20211
20268
20274
20374
20385
20387
20490
20668
133920
139834
139835
139913
139939
140039
140090
140112
140154
140307
141511
190503
235155
312152
312240
312269
312385
314160
423038
456946
478048
497302
497351
497361
497575
497599
497710
497755
497771
497814
498074
560676
560700
560700
560847
560856
560867
560903
561080
561088
561093
562357
598334
598354
598573
598683
598690
598870
599686
600174
600188
600448
600708
600890
644566
697021
711234
711558
711884
712052
712074
712127
712174
712287
712309
712387
743480
743564
743587
744173
832935
833118
833555
1011282
1011319
1011454
1011494
1011557
1031164
1031201
1031256
1031269
1031312
1031366
1031397
1031405
1031411
1031557
1031558
1031619
1031629
1085801
1086804
1087041
1087952
1087972
1088442
1088604
1088713
1088867
1118633
1156147
1271643
1271646
1271738
1271817
1271823
1272541
1272938
1273025
1273047
1317702
1317843
1317958
1317960
1318004
1318066
1318141
1318209
1318307
1319265
1461139
1461172
1461283
1461288
1461292
1461691
1461704
1461724
1461725
1461853
1461880
1604131
1604163
1604196
1604477
1604723
1604812
1604883
1604890
1604909
1605046
1605060
1605138
1663830
1664059
1664749
1852535
1852669
1852712
1852769
1853253
1853341
1853460
1916863
1917443
1917600
1917735
1917786
1918057
1918366
1940379
2022873
2022910
2022967
2022996
2023043
2023081
2023090
2023156
2023215
2023369
2139605
2156558
2228640
2257184
2257299
2257301
2257541
2258482
2258677
2258783
2258827
2258952
2294655
2305701
2305712
2305916
2305976
2306079
2308965
2309505
2309591
2309823
2343627
2343791
2343820
2343945
2344089
2344874
2345289
2345329
2406026
2406314
2406500
2406588
2406692
2406812
2406912
2406950
2407054
2407095
2407203
2407206
2407341
2407487
2502706
2510954
2577692
2657071
2701398
2701494
2701598
2701645
2701716
2701921
2703041
2703085
2703644
2703839
2753829
2779062
2779209
2779365
2779378
2781461
2781628
2781951
2844827
2853620
2978062
2978570
2978938
3018779
3151871
3187750
3188090
3188438
3188653
3188822
3189441
3189480
3189516
3189633
3189637
3189652
3189667
3235305
3291533
3291535
3291584
3291598
3291611
3291686
3291732
3291756
3291761
3291771
3291999
3292082
3292126
3372634
3372682
3372699
3372742
3372898
3372974
3373027
3373067
3373666
3388862
3424999
3425102
3425123
3425186
3425262
3425284
3425384
3425400
3425510
3425518
3425742
3425856
3589568
3589598
3589815
3590212
3590312
3590347
3590366
3590412
3590440
3606028
3606382
3606521
3606880
3619146
3779811
3779846
3779907
3779907
3780022
3780039
3780118
3780221
3780279
3780532
3781387
3869143
3877859
3878042
3878054
3878154
3880247
4032518
4059337
4059438
4059471
4059561
4059576
4059684
4059755
4119266
4120761
4120860
4120860
4120904
4120979
4121049
4121062
4121496
4121861
4200452
4200635
4200711
4200810
4200814
4200891
4200899
4200903
4200969
4200999
4201069
4201115
4201131
4201250
4368103
4368124
4368170
4368677
4368717
4368801
4368804
4368824
4368925
4369015
4369054
4417855
4417976
4417988
4418024
4418043
4418053
4418128
4418133
4418167
4418185
4418258
4418287
4418358
4418378
4418528
4498395
4498531
4498566
4498594
4498634
4498712
4498807
4498836
4498836
4498866
4498950
4498976
4499109
4528429
4743215
4743303
4743386
4743502
4743701
4830722
4983181
4983220
4983260
4983319
4983321
4983337
4983399
4983468
4983518
5015159
5087711
5171236
5188779
5188816
5188876
5188932
5189150
5189224
5189286
5189374
5212497
5212832
5212938
5213312
5245172
5245562
5245720
5246056
5246100
5246335
5246377
5246477
5246625
5305802
5305949
5306182
5306564
5307581
5307594
5307802
5307943
5308027
5308097
5308116
5308211
5308368
5344657
5382415
5439559
5439629
5439896
5440074
5440264
5440325
5440427
5440528
5440703
5538127
5538659
5538698
5538960
5539080
5540227
5540376
5605962
5640223
5693641
5769232
5789199
5789244
5789256
5789326
5789366
5789470
5789511
5789514
5789612
5789674
5789931
6036058
6036267
6036410
6036849
6078858
6078885
6078901
6078935
6079054
6079088
6079100
6079240
6079251
6079333
6079374
6079429
6079502
6079536
6109646
6152254
6263741
6280926
6307826
6307876
6307964
6308005
6308079
6308202
6308284
6337807
6377538
6377664
6377689
6377713
6377865
6377919
6377929
6378109
6378159
6378198
6402686
6448483
6448609
6448645
6448657
6448694
6448827
6448840
6448859
6449106
6504999
6505089
6505156
6505161
6505292
6505296
6505455
6505553
6505573
6555530
6555714
6555870
6555876
6555908
6556115
6556152
6556223
6556322
6611967
6611999
6612058
6612114
6612202
6612273
6612366
6767816
6782295
6782442
6782446
6782479
6782483
6782506
6782577
6782646
6782669
6782684
6782709
6782874
6782887
6782940
6855103
6885740
6885762
6885777
6885806
6885861
6885867
6885902
6885908
6885965
6885969
6886018
6886035
6886059
6886143
6886180
6886189
6886220
6941166
6941216
6941442
6941602
6941773
6941951
6941976
6941997
6942085
6978639
6989883
6989939
6990115
6990236
6990508
6990661
6990746
6990770
6990973
7107010
7182721
7309325
7332412
7393638
7393660
7393692
7393738
7393814
7393826
7393845
7393900
7393914
7393926
7394006
7394015
7394078
7562539
7631394
7814835
7814904
7815016
7815034
7815082
7815277
7815417
7815437
7846077
7942858
7987099
7987144
7987275
7987301
7987310
7987336
7987456
7987468
7987515
7987517
8157287
8157367
8157408
8157485
8157499
8157622
8157712
8158175
8343131
8343234
8343365
8343410
8343423
8343469
8343558
8343560
8343624
8343689
8343694
8372534
8422485
8425666
8458885
8545683
8546276
8546654
8546776
8546819
8607451
8688478
8688500
8688602
8688672
8688735
8688823
8688868
8688967
8762071
8762071
8762143
8762263
8762405
8762416
8762641
8808138
8808259
8808852
8809454
8809986
8810149
8810264
8810354
8810378
8810388
8810583
8810594
8850551
8879239
8892487
8893032
8893338
8893356
8960901
9019445
9019474
9019481
9019503
9019623
9019624
9019643
9019699
9019745
9019805
9019869
9048648
9055150
9055241
9055259
9055286
9055402
9055405
9055448
9055457
9055640
9129010
9149261
9149326
9149660
9150385
9196811
9248556
9317365
9317487
9317578
9317772
9317998
9318115
9318255
9318307
9318344
9318388
9318457
9318482
9405510
9418710
9418807
9418844
9418955
9419008
9419138
9419152
9419199
9419229
9419230
9419235
9419366
9419422
9466385
9466682
9467517
9468932
9468946
9469165
9469268
9469389
9469457
9469776
9469776
9497218
9497309
9497362
9497418
9497427
9497561
9497631
9497687
9497718
9497743
9497881
9497949
9521946
9522200
9522219
9522351
9522374
9522786
9522837
9522947
9523054
9545087
9545189
9545246
9545310
9545345
9545396
9545468
9545502
9545707
9588430
9659191
9659341
9659486
9659598
9735660
9881620
9893748
9894117
9894437
9894886
9894991
9895042
9895128
9895607
9974177
9974285
9974334
9974392
9974441
9974606
9976249
9976347
9976439
10013303
10013515
10013616
10013774
10013786
10013907
10013917
10013974
10013979
10014161
10014169
10090607
10090683
10090707
10090784
10090793
10090982
10208319
10254830
10254926
10255154
10256766
10256791
10256824
10278130
10349681
10349736
10349829
10349874
10349891
10349892
10349929
10350064
10350067
10350145
10527610
10548608
10660767
10694336
11118072
11118624
11118693
11119448
11119933
11120478
11216090
11432084
11555423
11598636
11644732
11741628
11742080
11742900
11742949
11742994
11743035
11743168
11743265
11743279
11743440
11776872
11881503
11908933
11955051
11955152
11955167
11955172
11955297
11955333
11955358
11955399
11955410
11955541
11955556
11955612
11955648
12068812
12068888
12069112
12069264
12069279
12069676
12096052
12227371
12254258
12319308
12398526
12481636
12588846
12605939
12639365
12656249
12709199
12760267
12832383
12832600
12832885
12833165
12833225
12833317
12833337
12833338
12833642
12833705
12981431
12981557
12981563
12981566
12981581
12981727
12981741
12981742
12981800
12981945
13039704
13041739
13041832
13041888
13041940
13042036
13042480
13079056
13079125
13079163
13079177
13079296
13079368
13079376
13079475
13079607
13265437
13265460
13265657
13265685
13265911
13265979
13266033
13266055
13266071
13266233
13266246
13266346
13432863
13456030
13456263
13456702
13457493
13457575
13458409
13458606
13458619
13644020
13734355
13734791
13734792
13734796
13734943
13734953
13735037
13735043
13735122
13735146
13735336
13735369
13735476
13770920
13771301
13771484
13773017
13773494
13773600
13880468
13881361
13881399
13881559
13881562
13881641
13881667
13881885
13881906
13945103
13959579
13972998
14052831
14111928
14112228
14190645
14336209
14336276
14336322
14336369
14336485
14336780
14336943
14391321
14392952
14393080
14393123
14393160
14393165
14393249
14393253
14393298
14393420
14393566
14501861
14501888
14502250
14502498
14510455
14510547
14510648
14510687
14510757
14510970
14511863
14621083
14662884
14737001
14737079
14737132
14737202
14737213
14737236
14737321
14737336
14737349
14737350
14737445
14737492
14737574
14737586
14817261
14839536
14840046
14917287
14917349
14917456
14917456
14917515
14917653
14917659
14917753
14917767
14938571
