15000000
1141
79273
108242
202523
250765
272931
289489
304635
337299
337362
337374
337615
338188
476730
476748
476769
476812
476925
476926
476953
477054
510530
537364
594491
628955
628998
629098
646490
808011
808094
835741
921751
974869
974877
975044
975196
975255
1145290
1168697
1266721
1266780
1266799
1267075
1268453
1462581
1518519
1629495
1629728
1682700
1683236
1859386
2102561
2120792
2120820
2120827
2121102
2121107
2121242
2184447
2184450
2184487
2184639
2184646
2184870
2184876
2184981
2272963
2358113
2441068
2441107
2441445
2587520
2587660
2587890
2587915
2595703
2625759
2762539
2762833
2762960
2763316
2766778
2896889
2931578
2968331
2968414
2968676
3027937
3028028
3028265
3028744
3077182
3277706
3287125
3318480
3318676
3351575
3352140
3422646
3422689
3422773
3422895
3423029
3543577
3553615
3553651
3554327
3642776
3678287
3763495
3766287
3766380
3766404
3766569
3766592
3766623
3778995
3895720
3919800
3919816
3919860
3920206
3978441
4035593
4186526
4186903
4187276
4187327
4187476
4187496
4187603
4187710
4187712
4207971
4306080
4463151
4482796
4567545
4567549
4567580
4567754
4567760
4651136
4668832
4669098
4669150
4669524
4777220
4777334
4777475
4777705
4777713
4778179
4883822
4912862
4994692
5057693
5147333
5191234
5191379
5191439
5191501
5191752
5241053
5412233
5751552
5809870
5860974
5861030
5861079
5861084
5861235
5861402
5906196
6071758
6071774
6071856
6071861
6072111
6072358
6073012
6185964
6199589
6251620
6251711
6251912
6252012
6582610
6654363
6737243
6763310
6830142
6983152
7029608
7040436
7093075
7131716
7139977
7140326
7140681
7141429
7165812
7218469
7227745
7228166
7228424
7253575
7253593
7254459
7254708
7255201
7354459
7372819
7372901
7373135
7373166
7373391
7386828
7558956
7558964
7559120
7559858
7608162
7725860
7791988
7792352
7792697
7792954
7911437
7911577
7911647
7911781
7981225
7981560
7997901
7998031
7998052
7998110
7998327
8046287
8075759
8075881
8076139
8177507
8243828
8273888
8335472
8434576
8554700
8590960
8704486
8740906
8740929
8741246
8742227
8742354
8742422
8791032
8847366
8893736
8893784
8893966
8894010
8985731
8986293
9015958
9141629
9195708
9213674
9308199
9325739
9384461
9431203
9431389
9466236
9494869
9714378
9784030
9888486
9888800
9938118
9995279
9995401
9995730
9995854
10027832
10070418
10077745
10164256
10164258
10164329
10164535
10164549
10165740
10208147
10227667
10227679
10227773
10252650
10266867
10267342
10267408
10321730
10378021
10378111
10378383
10378603
10378705
10378738
10492255
10571771
10614700
10614896
10615155
10615468
10615783
10684914
10816030
10816471
10816576
10816673
10853658
10907062
10949294
10949317
10949370
10950726
10951101
11006531
11055471
11079619
11116598
11118584
11441840
11453942
11453998
11454128
11454195
11454232
11454570
11456213
11509783
11553445
11632724
11757983
11773479
11779561
11779773
11779932
11780653
11898065
11899392
11899564
11899601
11899708
12017487
12019263
12031238
12031239
12031262
12031401
12031447
12031450
12031497
12031525
12031579
12031622
12031636
12031732
12212641
12261073
12480423
12532532
12560788
12701140
12701542
12788752
12927884
12945570
12946098
13026269
13031879
13068398
13068778
13068886
13087182
13173921
13173981
13174517
13175062
13214023
13220885
13268664
13268667
13268925
13269171
13269308
13302186
13302236
13302328
13302366
13302372
13302994
13331506
13373126
13417011
13417607
13418521
13444063
13468044
13473614
13473843
13474218
13474258
13520710
13638012
13676668
13767766
13873263
13889192
13981965
14006384
14060241
14079775
14124256
14124430
14124517
14124632
14124838
14289803
14290679
14290995
14350872
14371018
14460562
14488250
14488427
14488518
14490358
14490737
14714359
14714456
14886745
