15000000
797
67330
100488
126453
126720
163545
207780
311140
331557
338127
338158
390273
414033
414272
476530
476679
476780
476922
587594
587970
588825
606380
606889
629989
678775
695056
723798
731676
758262
759835
826213
952245
953326
974610
974670
974738
975053
1071453
1108797
1109144
1251975
1267140
1267280
1268676
1332344
1504222
1750944
2093664
2121500
2122184
2184493
2184527
2184795
2185761
2186089
2358134
2464929
2756574
2763191
2763273
2763398
2763404
2814450
2880219
2912808
2971117
3007433
3028609
3028851
3028993
3029359
3029499
3262666
3422535
3422545
3422725
3470396
3552978
3553285
3553440
3553699
3581119
3682202
3701888
3766491
3766560
3889102
3889496
4085709
4186922
4187135
4187150
4187183
4187236
4415646
4482995
4616556
4624907
4632079
4632613
4718014
4718432
4777856
4777993
4778224
4778692
4778937
4800697
4828436
5033122
5037160
5063433
5069758
5189998
5190670
5190796
5190951
5337734
5512564
5556840
5596541
5641795
5736038
5804287
5873041
5959189
6071788
6071792
6252523
6252668
6252678
6252797
6358609
6385709
6417473
6543954
6544365
6613974
6661021
6737096
6777397
6836536
6866023
6889964
6903619
6933625
6943261
7082491
7118342
7140014
7140507
7140637
7140642
7140720
7227361
7227883
7228970
7229042
7361358
7482243
7504811
7552023
7651110
7670704
7791946
7792544
7869174
7913033
7997655
7997758
7997815
7997894
7997929
7999234
8081498
8165285
8742047
8742071
8742555
8742614
8742786
8876770
8888643
8942365
9057653
9083721
9131414
9429479
9431540
9431864
9464423
9577386
9654891
9794241
9954690
9969276
10036897
10062595
10069930
10073567
10097546
10161437
10163637
10163859
10163959
10164711
10198867
10237639
10267203
10304431
10360328
10378681
10378688
10378712
10378982
10379960
10452718
10598077
10627076
10671762
10785242
10785731
10808140
10950045
10950048
10950187
10950377
10950677
10997070
11060879
11061420
11081730
11119032
11119187
11215096
11215702
11454021
11454059
11454408
11518705
11534932
11586045
11607230
11699618
11721809
11735669
11752410
11778711
11778972
11778976
11779192
11779216
11780492
11898058
11900003
11900154
11900179
11900478
11990940
12030919
12031081
12031094
12031221
12031336
12132157
12436298
12491241
12507362
12660997
12728574
12729962
12803250
12845348
12914359
13006544
13052339
13070593
13070884
13071168
13071294
13137122
13302466
13302935
13303076
13303218
13360706
13360993
13443181
13474052
13792565
13887733
13921348
14028410
14050026
14122797
14124623
14124675
14124939
14125329
14197726
14300372
14370719
14370840
14370975
14488586
14490594
14490596
14490603
14490725
14521056
14617598
14675260
14708270
