15000000
2859
103547
103560
103564
103657
104183
146428
146472
146673
146680
146685
147848
147855
147892
148002
148037
148051
148117
148220
186034
186109
186282
186423
186598
186723
186727
186877
186881
186882
186976
187005
262210
332142
332159
332203
332345
332541
332547
332607
332683
332942
419408
419645
419708
419788
419877
420126
420338
420423
420449
476565
520582
520583
520688
520728
520799
520953
520985
521016
521063
521119
521434
521483
521680
549582
585657
585674
585678
585704
585757
585781
585856
585857
585926
585960
586062
732585
756332
756889
756899
758731
760175
760452
760868
850146
1023798
1062998
1063431
1063464
1063741
1063763
1063823
1063833
1063939
1063991
1064202
1099554
1099565
1099594
1099698
1099798
1099824
1100091
1100098
1100730
1134921
1135335
1135440
1167343
1167979
1168049
1168056
1168402
1168539
1168791
1168812
1168819
1169028
1169124
1203926
1271853
1271952
1272062
1272153
1272209
1272349
1272388
1272499
1272576
1341387
1341408
1341429
1341575
1341607
1341655
1341664
1341787
1341860
1341903
1342152
1362672
1425985
1491818
1491845
1491847
1491907
1491968
1492044
1492204
1492241
1492547
1557844
1557860
1557867
1558040
1558079
1558096
1558170
1558226
1558254
1558285
1558383
1683193
1683214
1683279
1683340
1683433
1683482
1683698
1683766
1683770
1683805
1683822
1734249
1734346
1734446
1734576
1734632
1734711
1734730
1734876
1734906
1735174
1735209
1762534
1797973
1814404
1814473
1814484
1814563
1814635
1814699
1814730
1815160
1897426
1897496
1897607
1897629
1897772
1897826
1897853
1897941
1897989
1898004
1998233
1998540
1999081
1999160
1999173
1999181
1999218
1999224
1999349
1999407
1999485
1999514
2037536
2037611
2037808
2037867
2038148
2038509
2038517
2038687
2038768
2038860
2038874
2039117
2151601
2197238
2197288
2197302
2197400
2197421
2197433
2197581
2197756
2229916
2312810
2312879
2312885
2313003
2313052
2313221
2313351
2313360
2313437
2313514
2368376
2426060
2528144
2528153
2528170
2528244
2528315
2528331
2528383
2529309
2529501
2572803
2591898
2591907
2591956
2592099
2592160
2592162
2592191
2592315
2614838
2630376
2649813
2665291
2665364
2665687
2665702
2665765
2665975
2666042
2666295
2666536
2777312
2791387
2791712
2791916
2792280
2813413
2865455
2896594
2896711
2897048
2897595
2897599
2897751
2897762
2897797
2897954
2898056
2898142
2898184
2957981
2973074
2973104
2973127
2973154
2973280
2973308
2973362
2973474
2973628
3021810
3021861
3021874
3021944
3022006
3022010
3022012
3022076
3022180
3022489
3058650
3071830
3072009
3072147
3072493
3072912
3073003
3073016
3073062
3073148
3073218
3073250
3073377
3287829
3287925
3288690
3288871
3288900
3288911
3288960
3289029
3289038
3289121
3289191
3289310
3341767
3342138
3342488
3342704
3342730
3343730
3343813
3343834
3343843
3343954
3344010
3344071
3368248
3368256
3368439
3368477
3368623
3369174
3369320
3369515
3369550
3369563
3369576
3369622
3460922
3471590
3715000
3716190
3726630
3727309
3815040
3815067
3815092
3815107
3815226
3815230
3815395
3815399
3815432
3815657
3847166
3847199
3847204
3847215
3847446
3847587
3869097
3928277
3962374
3962387
3962422
3962423
3962691
3962762
3962839
3962912
3963007
3963012
3963204
4000917
4074291
4074847
4075011
4075066
4075074
4075212
4075233
4075262
4075274
4075415
4075520
4075743
4119587
4148204
4148240
4148355
4148752
4148897
4149639
4149998
4207363
4307185
4307203
4307225
4307249
4307308
4307349
4307382
4307386
4307511
4307547
4307556
4307724
4307892
4391866
4396116
4458500
4467280
4467296
4467318
4467554
4467558
4467780
4467921
4467971
4485130
4542642
4613278
4682941
4756755
4757221
4757409
4757766
4757816
4757828
4757905
4757991
4758011
4758123
4758213
4788273
4817209
4908812
4915486
5022041
5214633
5215162
5349312
5351800
5351856
5351912
5351995
5352139
5352141
5352241
5352286
5372052
5372080
5372257
5372309
5372452
5372523
5372668
5372875
5372877
5372901
5459622
5514338
5514358
5514470
5514493
5514558
5514560
5514628
5514635
5514667
5514695
5514700
5514803
5514924
5607520
5610969
5610982
5611010
5611139
5611247
5611320
5611357
5667811
5682350
5682626
5682691
5683225
5683454
5683507
5683533
5683568
5683581
5683620
5683629
5683671
5683702
5683724
5683740
5683858
5684024
5684232
5922491
5922492
5922733
5922828
5922949
6023659
6023674
6023699
6023722
6023759
6023762
6023792
6023823
6023890
6023951
6024038
6024057
6071593
6071997
6072436
6072472
6072492
6072643
6072654
6072719
6072726
6072837
6072839
6072873
6073045
6073296
6160761
6172099
6207007
6210474
6210494
6210519
6210575
6210615
6210636
6210697
6210792
6210825
6210864
6210871
6372186
6384949
6384952
6384988
6385137
6385190
6385271
6385273
6385329
6385454
6385507
6385964
6522310
6522375
6522445
6522534
6522675
6523180
6523266
6523362
6523548
6588306
6588407
6588471
6588782
6588795
6588816
6588827
6588963
6588979
6589017
6589032
6589282
6654024
6689747
6689756
6689758
6689865
6689866
6689871
6689884
6690058
6690058
6690061
6690115
6888316
6888552
6888552
6888650
6888709
6888742
6888779
6888826
6888942
6889030
6940309
6971345
6971471
6972087
6972245
6972268
6972281
6972282
6972395
6972411
6972498
6972510
6972546
7101831
7101846
7101885
7101908
7102019
7102025
7102076
7102118
7102145
7158727
7182629
7182637
7182653
7182809
7183101
7183143
7183389
7183637
7220738
7222314
7222514
7222577
7222621
7222666
7222695
7222750
7222789
7222790
7222866
7222884
7223024
7223085
7328446
7360169
7360213
7360233
7360332
7360383
7360392
7360398
7360524
7360580
7404758
7454101
7500877
7501712
7501881
7502166
7502219
7502333
7502337
7502426
7502600
7502866
7551509
7551596
7552115
7552153
7552202
7552282
7552364
7552395
7552403
7552463
7552533
7575486
7597220
7597519
7598023
7598455
7598610
7598961
7599095
7599118
7599288
7599308
7599314
7599344
7599559
7599668
7699682
7699920
7700005
7700011
7700354
7700650
7700902
7701006
7726269
7745227
7745227
7745247
7745449
7745489
7745579
7745579
7745699
7745785
7745941
7960668
7960724
7960887
7961065
7961080
7961185
7961202
7961302
7961390
8002319
8002332
8002499
8002514
8002585
8002663
8002674
8002975
8002978
8003131
8057156
8093241
8097681
8132547
8206579
8206645
8206697
8206801
8206924
8235398
8276952
8277053
8277062
8277151
8277155
8277165
8277183
8277353
8277392
8277425
8277442
8309032
8364456
8364468
8364549
8364646
8364656
8364717
8364741
8364812
8414400
8414624
8551389
8607698
8609394
8609546
8609598
8609600
8609646
8609798
8609810
8610005
8682677
8682682
8682751
8682788
8682874
8682918
8682974
8683083
8683182
8683210
8683223
8683253
8829479
8870710
8905973
9010982
9011511
9011721
9011725
9012190
9012367
9012538
9012573
9012659
9012716
9012794
9012867
9084890
9222159
9222168
9222174
9222272
9222276
9222305
9222309
9222336
9222451
9222459
9222671
9360991
9365878
9365887
9365893
9365926
9366144
9366171
9366273
9479139
9504314
9504325
9504332
9504432
9504466
9504619
9504681
9505202
9530586
9599902
9613158
9613262
9613431
9613579
9613599
9613618
9613633
9613811
9613826
9649848
9649855
9650414
9650592
9650679
9650683
9763628
9763720
9763734
9763763
9763937
9764130
9764141
9786663
9786671
9786686
9786843
9786899
9787027
9787047
9787762
9808237
9929484
9929504
9929527
9929529
9929631
9929634
9929678
9929735
9929778
9929788
9929807
9929946
9929954
9930068
10005102
10010647
10010651
10010703
10010806
10010931
10011031
10011103
10011450
10011874
10141825
10180600
10255369
10255373
10255383
10255512
10255633
10255784
10256228
10256856
10283055
10381032
10406416
10406459
10406557
10406676
10406783
10406879
10407008
10407766
10427245
10469910
10469936
10469965
10470111
10470163
10470263
10470286
10470561
10470647
10542921
10619353
10649004
10650620
10650682
10651001
10651279
10651353
10651503
10651523
10651643
10651670
10651674
10651716
10697171
10697271
10697293
10697414
10697589
10697610
10697764
10698545
10698767
10736045
10736055
10736185
10736194
10736511
10736644
10736657
10891322
10900876
10900893
10900959
10900990
10901036
10901055
10901211
10901282
10901298
10901574
10901810
10991632
10991637
10991946
10992249
11135743
11136255
11136352
11136678
11136793
11137059
11137262
11137371
11137387
11137483
11137552
11237530
11237549
11237557
11237682
11237735
11237825
11237872
11332515
11332529
11332545
11332587
11332663
11332736
11332763
11332927
11333304
11333580
11364830
11504680
11504727
11504806
11504863
11504939
11504976
11505082
11533474
11567874
11592061
11592197
11592365
11592435
11592842
11592946
11592961
11592971
11593111
11593121
11593161
11593209
11593318
11853141
11853322
11853327
11853391
11853786
11854127
11854129
11854604
11969349
12038855
12038878
12038986
12039191
12039240
12039270
12039857
12039875
12040062
12040165
12081088
12081099
12081146
12081220
12081277
12081280
12081301
12081306
12081427
12081450
12081480
12147800
12167286
12167395
12167480
12167718
12167960
12168557
12168591
12168593
12168789
12168795
12168834
12223932
12224098
12224231
12224394
12224401
12271560
12281482
12281785
12282874
12283007
12283049
12283051
12283068
12283178
12283198
12283503
12283960
12318900
12343135
12343671
12343692
12343750
12343750
12343830
12343858
12343872
12344030
12344093
12344111
12385222
12385533
12385552
12385628
12385650
12385694
12386016
12463885
12482091
12508371
12508402
12508418
12508473
12508506
12508521
12508523
12508696
12508714
12508715
12508839
12634141
12634627
12690396
12690488
12690496
12690585
12690619
12690623
12690644
12690721
12690819
12690891
12834584
12834639
12834671
12834767
12834784
12834966
12834980
12835438
12872704
12872844
12873020
12873338
12873376
12873419
12873484
12873553
12873647
12873715
12873848
12873874
12903588
12939762
12939788
12939838
12939887
12939888
12939905
12940036
12940050
12940062
12940064
12940126
12940202
12940205
12940271
12940287
12984523
12987141
13003947
13057445
13057446
13057489
13057544
13057545
13057577
13057592
13057652
13057663
13057679
13057686
13057841
13057866
13057905
13110297
13110566
13111089
13111272
13111710
13111745
13111821
13111875
13111881
13112001
13112047
13112094
13322441
13376431
13392872
13433331
13433408
13433653
13433871
13433993
13434031
13461550
13464253
13464268
13464273
13464474
13464514
13464716
13579005
13616497
13662527
13662916
13662936
13662956
13663070
13663306
13663397
13663407
13663429
13663556
13663723
13663728
13740462
13740465
13740474
13740498
13740706
13740939
13741309
13741426
13783568
13783589
13783626
13783739
13783740
13783795
13783814
13783909
13783946
13783962
13783978
13812406
13812420
13812477
13812514
13812617
13812626
13812642
13812805
13812818
13812825
13812871
13847865
13847905
13847970
13848024
13848031
13848055
13848163
13848191
13848282
13882503
13882530
13882541
13882676
13882679
13882726
13882733
13882877
13883088
13918918
13919490
14021188
14021233
14021416
14021433
14021604
14022139
14022235
14022283
14022425
14022474
14022524
14065297
14084366
14084710
14084883
14084891
14084960
14084991
14085005
14085127
14085147
14085244
14085458
14148458
14148502
14148505
14148596
14148678
14148772
14148799
14148995
14149144
14149206
14149375
14199897
14250777
14250790
14250927
14250968
14251169
14251180
14251315
14251445
14252058
14316800
14461884
14462064
14462190
14462311
14462573
14462943
14462950
14463019
14463097
14463124
14488637
14546080
14546155
14546480
14546984
14547502
14547554
14547589
14547709
14547738
14547991
14589935
14609556
14630107
14630111
14630125
14630197
14630263
14630272
14630277
14630440
14630572
14630739
14630827
14678459
14678489
14678497
14678610
14678635
14678698
14678701
14678781
14678869
14678933
14678957
14748975
14749015
14749071
14749096
14750132
14750137
14750302
14750416
14750527
14750701
14790730
14792111
14873970
14873997
14874034
14874075
14874113
14874130
14874136
14874269
14874320
14874513
14874519
14943143
14943316
14943391
14943400
14943570
14943651
14943692
14943993
14944512
