15000000
4191
101694
102585
103127
103210
103281
103318
103489
103672
103759
103970
104027
144639
147207
147351
147361
147387
147483
147539
147546
147563
147646
147649
147651
147695
147799
147830
147854
147883
185245
185382
185500
185633
185785
186075
186146
186175
186308
186355
186360
186467
186508
186641
186780
186785
187126
210153
210693
331054
331278
331433
331694
332338
332384
332412
332547
332739
332934
332984
333015
333033
343483
417882
419226
419434
419568
419578
419652
419789
420000
420104
420163
420397
420555
420614
520497
520505
520518
520567
520583
520584
520610
520719
520724
520733
520751
520790
520866
520866
520873
520886
520887
521032
521112
521126
521136
584353
584567
585297
585551
585601
585603
585677
585706
585770
585774
585799
585887
585905
586149
706424
748717
758811
758967
758980
759016
759266
759718
759738
759769
760196
760219
760253
760471
760651
760715
760715
760764
851856
1062636
1063018
1063238
1063323
1063571
1063628
1063665
1063675
1063903
1064043
1064283
1064712
1084380
1099186
1099232
1099276
1099380
1099382
1099432
1099532
1099538
1099638
1099809
1099812
1100153
1100305
1100433
1135971
1168258
1168260
1168264
1168422
1168488
1168497
1168520
1168565
1168625
1168652
1168723
1168754
1168975
1271532
1271609
1271614
1271617
1271762
1271762
1271848
1271909
1272146
1272207
1272215
1272223
1272298
1272306
1272336
1272539
1272627
1340917
1340936
1341051
1341172
1341337
1341348
1341404
1341437
1341492
1341567
1341599
1341818
1341881
1341985
1342266
1362713
1491637
1491641
1491679
1491779
1491781
1491814
1491861
1491885
1491899
1491903
1491906
1492020
1492178
1492393
1537001
1556707
1557023
1557114
1557647
1558022
1558072
1558091
1558240
1558282
1558505
1558605
1558819
1641654
1682999
1683010
1683012
1683278
1683370
1683393
1683446
1683454
1683496
1683553
1683577
1683590
1683870
1683920
1733656
1733726
1733877
1733931
1733990
1734379
1734412
1734555
1734587
1734596
1734656
1734737
1734789
1734807
1734909
1735032
1812840
1814360
1814557
1814871
1814935
1814954
1814958
1814981
1815070
1815195
1815205
1815227
1815657
1897501
1897503
1897510
1897602
1897613
1897618
1897624
1897705
1897718
1897724
1897770
1897866
1897904
1897916
1897949
1898048
1953571
1998727
1998787
1998854
1998871
1998888
1998910
1998913
1999019
1999026
1999029
1999035
1999064
1999104
1999164
1999204
1999206
1999210
1999374
1999421
2036203
2036517
2037542
2037668
2038039
2038094
2038111
2038189
2038261
2038280
2038291
2038305
2038312
2038391
2038394
2038419
2038638
2038660
2137678
2138447
2142047
2195924
2196486
2196522
2196945
2197111
2197215
2197257
2197328
2197373
2197423
2197528
2197570
2197626
2229686
2311490
2312680
2312692
2312815
2312821
2312832
2312964
2312978
2312990
2313124
2313226
2313261
2340073
2464776
2478382
2527289
2528354
2528426
2528469
2528548
2528574
2528703
2528739
2528848
2528883
2528985
2529000
2529013
2529283
2529548
2552297
2591014
2591295
2591464
2591648
2591908
2591961
2592049
2592073
2592127
2592140
2592169
2592232
2592272
2592527
2592707
2630361
2647069
2665515
2665527
2665550
2665578
2665681
2665705
2665733
2665829
2665854
2665858
2665906
2665977
2665988
2666037
2666114
2666154
2793972
2856292
2896946
2897469
2897472
2897583
2897585
2897697
2897745
2897772
2897804
2897878
2897879
2897949
2898097
2898365
2972408
2972455
2972575
2972610
2972611
2972774
2972800
2972879
2973020
3021555
3021565
3021657
3021657
3021678
3021685
3021730
3021821
3021838
3021902
3021917
3022042
3022049
3022076
3022284
3038314
3072650
3072664
3072695
3072705
3072726
3072802
3072804
3072817
3072864
3072893
3072927
3072945
3072971
3072971
3073001
3073085
3073093
3073099
3073131
3073172
3201411
3214899
3287122
3288381
3288439
3288454
3288560
3288565
3288589
3288608
3288683
3288703
3288758
3288771
3288784
3288790
3288828
3288862
3288903
3288913
3288956
3288957
3343083
3343086
3343092
3343124
3343303
3343311
3343358
3343425
3343458
3343509
3343544
3343608
3343701
3343757
3343773
3343812
3343955
3368917
3368931
3368942
3369095
3369106
3369166
3369195
3369235
3369259
3369293
3369295
3369395
3369407
3369424
3369429
3369535
3369565
3369573
3425986
3469956
3472582
3472980
3473431
3582887
3655624
3669536
3689939
3718933
3742012
3773014
3814362
3814505
3814609
3814727
3814898
3814902
3815079
3815195
3815246
3815335
3815371
3815459
3815511
3846262
3846574
3846761
3846926
3847669
3847868
3848001
3848293
3848829
3899358
3961143
3961948
3961954
3962079
3962127
3962283
3962541
3962571
3962627
3962716
3962748
3962804
3963062
3989608
4074070
4074564
4074606
4074613
4074668
4074726
4074737
4074812
4074884
4074986
4075011
4075025
4075048
4075127
4075305
4075468
4148249
4148272
4148400
4148596
4149006
4149379
4149668
4149848
4149906
4149954
4149982
4150039
4150183
4191304
4254939
4306641
4306878
4306949
4306968
4306990
4307063
4307076
4307084
4307104
4307125
4307185
4307231
4307244
4307270
4307290
4307364
4307418
4307424
4307439
4307564
4466335
4466714
4466828
4466907
4467175
4467245
4467576
4467583
4467589
4467747
4467755
4467768
4468280
4468322
4468419
4490710
4538666
4631708
4678877
4712031
4757118
4757153
4757329
4757437
4757452
4757456
4757572
4757586
4757605
4757682
4757726
4757738
4757758
4757868
4757896
4757984
4758107
4801951
4932425
5135902
5201856
5226269
5226827
5267051
5339144
5351562
5351563
5351623
5351677
5351777
5351806
5351847
5351858
5351871
5351903
5351983
5352042
5352066
5352126
5371732
5371756
5372107
5372176
5372484
5372498
5372509
5372650
5372662
5372664
5372668
5372915
5372939
5513487
5513645
5513755
5513907
5514245
5514353
5514363
5514398
5514400
5514500
5514513
5514543
5514712
5515044
5610233
5610350
5610417
5610517
5610847
5610879
5610883
5611034
5611100
5611249
5635290
5681041
5683053
5683100
5683191
5683212
5683225
5683291
5683295
5683317
5683335
5683364
5683378
5683394
5683411
5683434
5683465
5683478
5683517
5683543
5683586
5683593
5683693
5683929
5754821
5908444
5922399
5922673
5922813
5922973
5923027
5923063
5923257
5923281
5923357
5964437
5998886
6023105
6023122
6023168
6023283
6023414
6023473
6023573
6023589
6023618
6023690
6023697
6023728
6023808
6023850
6023925
6023954
6024253
6072186
6072290
6072325
6072351
6072425
6072461
6072482
6072522
6072525
6072561
6072647
6072649
6072661
6072670
6072720
6072798
6072810
6072819
6113705
6147705
6159625
6210001
6210106
6210187
6210193
6210209
6210327
6210387
6210625
6210638
6210649
6210721
6210787
6210815
6210903
6210947
6211106
6249912
6271478
6384640
6384941
6385074
6385199
6385209
6385259
6385289
6385366
6385439
6385477
6385551
6385554
6385704
6467468
6520464
6520729
6522951
6522996
6523005
6523009
6523041
6523124
6523193
6523193
6523195
6523218
6523319
6523440
6523443
6523491
6523572
6523642
6588084
6588131
6588228
6588248
6588298
6588355
6588360
6588408
6588479
6588539
6588649
6588702
6588827
6588908
6588939
6588949
6589047
6589079
6625746
6689580
6689646
6689649
6689691
6689744
6689748
6689805
6689822
6689842
6689848
6689932
6689965
6689979
6690040
6690055
6690274
6690299
6734582
6887572
6888055
6888061
6888252
6888785
6888794
6888880
6888926
6889417
6971650
6971674
6971692
6971775
6971784
6971937
6971979
6971981
6972006
6972124
6972127
6972142
6972246
6972266
6972271
6972315
6972351
7101376
7101428
7101614
7101721
7101765
7101861
7102064
7102074
7102115
7102138
7102222
7102399
7102405
7102567
7119678
7140625
7181856
7182343
7182375
7182414
7182438
7182510
7182546
7182569
7182734
7182738
7182741
7182858
7182979
7183138
7183381
7221862
7221975
7222077
7222199
7222231
7222494
7222534
7222549
7222612
7222627
7222648
7222688
7222702
7222773
7222799
7222800
7222882
7222887
7222969
7222983
7223043
7359137
7359425
7359475
7359708
7360134
7360166
7360234
7360464
7360536
7360558
7360587
7360742
7360793
7360859
7360886
7360975
7417093
7499927
7500309
7500500
7501760
7501897
7501960
7502276
7502439
7502443
7502505
7502508
7502553
7502580
7502599
7502644
7502786
7502788
7550865
7550963
7551335
7551959
7552018
7552059
7552086
7552098
7552129
7552201
7552226
7552226
7552432
7552464
7597364
7598250
7598278
7598464
7598613
7598670
7598673
7598674
7598676
7598773
7598778
7598793
7598808
7598962
7598971
7599037
7599081
7599172
7599184
7599250
7699693
7699751
7699776
7699964
7700335
7700434
7700449
7700509
7700576
7700676
7700710
7700738
7700742
7700922
7744830
7744844
7745019
7745056
7745139
7745156
7745269
7745282
7745286
7745396
7745411
7745427
7745666
7785375
7883396
7916186
7950237
7960804
7960823
7960837
7960871
7960947
7960948
7960987
7960988
7961050
7961101
7961107
7961124
7961175
7961203
7961413
8000583
8001385
8001964
8001992
8002052
8002344
8002411
8002449
8002507
8002522
8002598
8002661
8002674
8002879
8002894
8002921
8027901
8189162
8206885
8206890
8206917
8206943
8207055
8207893
8208007
8208036
8208228
8208377
8208381
8208408
8274811
8275774
8275873
8276369
8276828
8276983
8277007
8277070
8277086
8277089
8277130
8277131
8277279
8277463
8327809
8363932
8364051
8364103
8364273
8364475
8364750
8364776
8364903
8365450
8392788
8409641
8459008
8478405
8537763
8584625
8608507
8608821
8609046
8609234
8609334
8609629
8609642
8609682
8609787
8609790
8609836
8609855
8610002
8610022
8610263
8681702
8681740
8681867
8681901
8682532
8682674
8682794
8682804
8682836
8682840
8682942
8683012
8683069
8683098
8683158
8683213
8683409
8683455
8726468
8742865
8743832
8932056
8955096
8962080
9008618
9012010
9012055
9012057
9012072
9012186
9012193
9012213
9012291
9012343
9012365
9012366
9012372
9012419
9012516
9012524
9012545
9012663
9012814
9046057
9068139
9068698
9138347
9145645
9208675
9220244
9222054
9222087
9222254
9222254
9222276
9222281
9222287
9222428
9222442
9222449
9222623
9222798
9222970
9276195
9334404
9364783
9364939
9365203
9365343
9366087
9366346
9366401
9366429
9366443
9366572
9366651
9366693
9460944
9502121
9504208
9504270
9504388
9504394
9504432
9504449
9504507
9504510
9504559
9504596
9504603
9504704
9504743
9504776
9504801
9504805
9504816
9504967
9504988
9612847
9612996
9613026
9613274
9613479
9613510
9613577
9613976
9614512
9647529
9649986
9649989
9650166
9650174
9650243
9650353
9650432
9650450
9650540
9650726
9650848
9651749
9763294
9763398
9763439
9763465
9763543
9763838
9764015
9764202
9764397
9764433
9764505
9785669
9786820
9786898
9786980
9786985
9787085
9787140
9787253
9787559
9787581
9787595
9787652
9910780
9929228
9929230
9929236
9929297
9929314
9929328
9929467
9929468
9929472
9929540
9929579
9929586
9929587
9929686
9929725
9929824
10009918
10010295
10010585
10010931
10010974
10010994
10011011
10011187
10011187
10011199
10011226
10011334
10011488
10011585
10011629
10248178
10254867
10254915
10255074
10255086
10255217
10255443
10255455
10255477
10255614
10255700
10255892
10256007
10256032
10256189
10349710
10404543
10405283
10405602
10406379
10406390
10406610
10406811
10406842
10407121
10407238
10407390
10407470
10407506
10407783
10451288
10468876
10469698
10469734
10469781
10469827
10469830
10469977
10470039
10470061
10470087
10470256
10470340
10470450
10470749
10470967
10523431
10562967
10606271
10615783
10650499
10650601
10650746
10650783
10650817
10650824
10650878
10650931
10650964
10650967
10651074
10651371
10651378
10651452
10651505
10671339
10697163
10697234
10697399
10697403
10697643
10697723
10697754
10697759
10697854
10697876
10697888
10697935
10698027
10698094
10698157
10698532
10735776
10735808
10735899
10735980
10736175
10736197
10736623
10736677
10736698
10736814
10736816
10736910
10736933
10899808
10900432
10900479
10900568
10900970
10901121
10901123
10901210
10901253
10901312
10901433
10901449
10901451
10901619
10901653
10901742
10901807
10901846
11134786
11136433
11136449
11136462
11136477
11136536
11136580
11136589
11136654
11136721
11136840
11136940
11137132
11137137
11158300
11171682
11204598
11216186
11236910
11237193
11237329
11237475
11237538
11237679
11237680
11237770
11237783
11238080
11238232
11238360
11238438
11282997
11332277
11332585
11332625
11332844
11332878
11332951
11332988
11333009
11333034
11333138
11333187
11333216
11333242
11333353
11333398
11333413
11411789
11504149
11504163
11504436
11504449
11504619
11504742
11504880
11504933
11504941
11504977
11505075
11505080
11505118
11505167
11505260
11505412
11590494
11592405
11592505
11592520
11592536
11592578
11592675
11592699
11592708
11592713
11592846
11592883
11592910
11592940
11592942
11593021
11593030
11593033
11593086
11593146
11593260
11671462
11852648
11852887
11853280
11853394
11853421
11853486
11853489
11853495
11853567
11853571
11853589
11853593
11853903
11853931
11853969
11965934
12024695
12039078
12039079
12039167
12039299
12039316
12039417
12039462
12039469
12039541
12039554
12039609
12039684
12039784
12039791
12039890
12054175
12080409
12080614
12080820
12080857
12080871
12081039
12081084
12081142
12081159
12081377
12081392
12081547
12081693
12152862
12166005
12167312
12168197
12168288
12168301
12168338
12168374
12168443
12168467
12168480
12168494
12168526
12168526
12168606
12168643
12168656
12168666
12168710
12168763
12168800
12168831
12168924
12169016
12224813
12224922
12224958
12224981
12225042
12225140
12225273
12225320
12225411
12282459
12282480
12282552
12282694
12282730
12282807
12282834
12282928
12282932
12282940
12283015
12283033
12283059
12283094
12283155
12283258
12283311
12283321
12343452
12343513
12343546
12343644
12343750
12343766
12343848
12343858
12343858
12343889
12343958
12344036
12344151
12344167
12384395
12384491
12384911
12385291
12385432
12385479
12385505
12385627
12385644
12385807
12385839
12386089
12386290
12386291
12443525
12468595
12507952
12508072
12508096
12508213
12508276
12508432
12508445
12508497
12508515
12508625
12508669
12508948
12689714
12689766
12689889
12689961
12689989
12690012
12690261
12690311
12690321
12690353
12690547
12690585
12690611
12690640
12690742
12754434
12834055
12834058
12834098
12834290
12834402
12834436
12834581
12834586
12834721
12834722
12834831
12834845
12834912
12835501
12872858
12872894
12872986
12873015
12873025
12873100
12873132
12873151
12873160
12873188
12873297
12873347
12873421
12873448
12873512
12873584
12939186
12939384
12939488
12939512
12939676
12939767
12939769
12939822
12939950
12939973
12940008
12940064
12940096
12940181
12940289
12964600
12984380
12984921
13007470
13056765
13056767
13057003
13057201
13057293
13057312
13057343
13057373
13057442
13057453
13057458
13057462
13057476
13057559
13057563
13057566
13057580
13057657
13057770
13111300
13111326
13111335
13111354
13111405
13111420
13111466
13111473
13111499
13111516
13111569
13111618
13111692
13111722
13111754
13111765
13111777
13111837
13111934
13111939
13383720
13407684
13408026
13432646
13432807
13432974
13433137
13433759
13433831
13433855
13433868
13433973
13434026
13434054
13463149
13463388
13464272
13464293
13464300
13464356
13464375
13464413
13464415
13464416
13464461
13464591
13464750
13465044
13465179
13497320
13499643
13607673
13660500
13662660
13662807
13662847
13662883
13662983
13663043
13663067
13663072
13663148
13663164
13663222
13663225
13663242
13663278
13663325
13663377
13663384
13663482
13663591
13663600
13663622
13737791
13738418
13739015
13740184
13740758
13740809
13740929
13741032
13741033
13741128
13741128
13741172
13741359
13741585
13772308
13780837
13783192
13783217
13783318
13783401
13783412
13783582
13783631
13783640
13783691
13783705
13783711
13783774
13783805
13783827
13783858
13784014
13784029
13784050
13811978
13812085
13812279
13812453
13812572
13812608
13812710
13812735
13812833
13812857
13812921
13812999
13832331
13847762
13847772
13847955
13847995
13848070
13848184
13848231
13848274
13848482
13848535
13848538
13848753
13881452
13881502
13881604
13881686
13882453
13882652
13882722
13882752
13882754
13882848
13882905
13882992
13883032
13883121
13883273
13966015
14020568
14020615
14020840
14020921
14021768
14021812
14021934
14021958
14021986
14021994
14022075
14022075
14022081
14022110
14022125
14022222
14022288
14022306
14022406
14052628
14083535
14084117
14084728
14084768
14084816
14084958
14084995
14085007
14085073
14085178
14085193
14085222
14085232
14085347
14085395
14085495
14085621
14147715
14148030
14148126
14148310
14148473
14148476
14148504
14148513
14148552
14148603
14148644
14148699
14148712
14148737
14148742
14148863
14148873
14148957
14148973
14149031
14149045
14149057
14209213
14226913
14233323
14249586
14249814
14249985
14250856
14251327
14251331
14251385
14251515
14251554
14251573
14251640
14251748
14251783
14251789
14251875
14251911
14273310
14273692
14273986
14274238
14333510
14459882
14460669
14462176
14462486
14462536
14462736
14462835
14462842
14462861
14462976
14462988
14463062
14463064
14463086
14463244
14463244
14502523
14546637
14546658
14546691
14546833
14546847
14546926
14546971
14546999
14547005
14547013
14547044
14547116
14547146
14547165
14547175
14547311
14547413
14628278
14628715
14629887
14629897
14630129
14630131
14630168
14630194
14630242
14630305
14630340
14630348
14630349
14630438
14630456
14630487
14630507
14630510
14630591
14630613
14630653
14678175
14678371
14678431
14678445
14678454
14678454
14678504
14678555
14678563
14678564
14678574
14678582
14678672
14678706
14678729
14678749
14678803
14678903
14713044
14747932
14749572
14749600
14749623
14749657
14749738
14749740
14749750
14749791
14749836
14749840
14749843
14749868
14749888
14749966
14749974
14750021
14750142
14750192
14750315
14750356
14789811
14873682
14873782
14873800
14873827
14873840
14873851
14873901
14873929
14873941
14874001
14874005
14874143
14874205
14874210
14874225
14874235
14874242
14874659
14941564
14942003
14942520
14942905
14943562
14943621
14943649
14943661
14943737
14943816
14943816
14943868
14943946
14944039
14944848
14944853
14989793
