15000000
1841
18412
18531
18673
18948
19911
20197
20206
20208
20232
20515
20750
69036
79404
129565
139595
139770
139877
139941
139956
140554
214297
223536
247874
252371
311138
311612
312597
312668
312883
312962
313462
313891
314076
314142
331831
463953
496202
496912
497119
497379
497607
497668
497683
497746
497809
497999
560170
560346
560412
560644
561438
561508
598063
598488
599312
599444
599644
599805
599894
599999
600153
600165
600257
600378
600604
600690
711683
711776
711779
711807
711817
711851
711953
711958
712047
712048
742737
777356
831741
1009359
1029355
1031081
1031087
1031102
1031188
1031262
1031267
1031448
1031453
1031680
1055572
1070788
1086638
1086843
1087000
1087915
1088024
1088096
1088301
1088332
1088641
1088832
1271340
1271374
1271456
1271532
1271601
1272372
1272526
1272596
1272622
1272638
1272809
1317176
1317502
1317550
1317767
1317774
1317830
1317960
1318080
1318304
1318330
1436363
1449642
1461012
1461049
1461093
1461130
1461202
1461300
1461675
1461802
1512318
1603360
1603615
1603873
1604543
1604685
1604948
1605094
1851921
1852171
1852277
1852864
1853248
1853262
1902103
1915610
1917253
1917341
1917449
1917476
1917483
1917508
1917676
1917736
1918416
2022583
2022596
2022607
2022725
2022743
2023201
2023518
2023532
2023705
2023757
2071384
2257747
2257763
2257936
2258142
2258431
2258559
2305859
2306037
2306201
2306470
2307729
2308403
2308510
2308542
2308817
2343195
2343241
2343468
2343475
2343602
2344688
2344719
2344793
2344806
2344889
2344960
2344992
2345048
2388133
2405525
2405885
2405969
2406661
2406669
2406843
2406861
2406895
2407016
2407051
2407165
2407288
2407310
2407589
2442538
2505459
2614972
2701020
2701124
2701322
2701524
2702905
2702946
2703117
2703292
2703619
2703633
2729709
2760537
2778601
2778604
2778789
2778866
2780822
2780844
2781027
2781179
2841492
2931874
2961763
2977648
3155898
3170675
3171436
3187278
3187552
3187669
3189089
3189097
3189143
3189300
3189319
3189445
3189478
3189511
3246227
3291162
3291257
3291287
3291319
3291430
3291590
3291591
3291660
3292125
3372494
3372581
3372593
3372626
3372753
3372818
3372829
3372991
3373042
3423599
3425006
3425050
3425128
3425233
3425266
3425353
3425446
3425529
3425589
3465358
3589868
3589925
3589974
3590079
3590093
3590267
3590281
3590326
3590474
3590562
3630156
3646854
3778802
3778997
3779667
3779896
3780150
3780328
3780339
3780458
3780552
3780657
3828879
3876993
3877637
3877848
3877892
3878814
3879153
3880108
3998362
4058978
4059071
4059156
4059180
4059336
4059722
4060365
4075822
4120340
4120639
4120656
4120673
4120773
4120860
4120952
4121106
4121127
4121508
4200470
4200476
4200605
4200710
4200714
4200798
4200809
4200941
4248073
4368433
4368503
4368524
4368526
4368550
4368652
4368681
4368698
4368747
4368877
4369175
4417829
4417837
4417874
4417895
4417982
4418016
4418023
4418068
4418103
4418113
4418202
4418204
4456902
4498609
4498639
4498645
4498666
4498721
4498821
4498848
4498860
4498934
4498959
4499001
4533757
4578436
4636064
4739179
4742859
4742952
4743957
4743963
4744087
4744274
4864389
4982767
4982863
4982876
4983086
4983095
4983508
5187051
5188738
5188914
5188981
5189023
5222148
5224059
5245405
5245835
5245904
5245915
5246014
5246070
5246187
5246203
5246541
5306464
5307166
5307194
5307216
5307569
5307707
5307837
5308119
5308188
5308196
5380967
5438769
5439961
5440098
5440104
5440163
5440225
5440310
5440348
5440364
5440566
5476129
5537975
5538472
5539288
5539377
5539440
5539564
5539701
5540095
5540201
5540265
5669227
5678991
5711577
5767156
5787797
5788913
5789126
5789171
5789321
5789327
5789381
5789469
5789484
5789525
5789764
5789774
5789807
5820137
6044933
6078125
6078913
6079037
6079096
6079098
6079114
6079121
6079141
6079375
6079391
6079499
6149808
6212179
6268753
6307602
6307660
6307949
6308004
6308176
6308974
6376931
6377692
6377858
6377903
6378009
6378158
6378270
6448208
6448212
6448317
6448410
6448528
6448699
6448708
6504992
6505145
6505611
6505797
6505819
6505965
6506000
6555619
6555661
6555718
6555766
6555790
6555893
6555942
6555990
6556212
6611650
6611795
6611824
6612023
6612037
6612064
6612141
6612307
6612815
6703500
6710954
6781236
6782006
6782158
6782481
6782486
6782488
6782541
6782584
6782651
6782653
6782778
6811923
6884075
6885586
6885632
6885640
6885732
6885758
6885764
6885778
6885823
6885932
6885933
6886026
6886088
6886176
6886181
6941630
6941693
6941696
6941757
6941797
6941844
6941950
6941975
6942021
6988780
6990137
6990458
6990461
6990499
6990611
6990694
6990781
6991029
7111495
7145791
7173897
7247047
7392181
7393538
7393552
7393619
7393645
7393699
7393745
7393822
7393860
7394026
7394154
7394160
7394325
7506001
7534363
7593885
7694665
7814339
7814535
7814573
7814703
7814738
7815496
7925957
7986612
7986761
7986891
7986938
7987142
7987346
7987866
8076966
8156056
8156433
8156814
8157122
8157463
8157795
8157798
8157846
8157965
8158011
8158041
8158101
8158435
8211112
8343141
8343212
8343215
8343312
8343328
8343365
8343407
8343452
8343459
8343495
8343527
8366261
8413109
8448918
8468435
8470461
8544390
8546425
8546509
8546600
8546676
8546688
8630114
8688231
8688255
8688373
8688405
8688477
8689201
8690165
8690186
8690337
8706163
8761366
8762503
8807380
8807844
8808195
8809069
8809528
8809696
8809867
8809969
8810224
8810264
8899144
8947447
9019343
9019351
9019380
9019462
9019541
9019572
9019760
9052906
9055042
9055127
9055165
9055279
9317558
9317757
9317899
9317914
9317966
9317977
9318059
9318083
9318095
9318254
9348505
9417800
9417920
9418672
9418763
9418801
9418829
9418907
9418959
9419011
9419056
9419242
9419280
9419299
9419392
9464902
9468474
9468490
9468757
9468951
9468960
9469403
9469556
9469673
9497057
9497208
9497330
9497408
9497712
9497724
9497737
9497895
9497920
9498096
9521709
9522090
9522407
9522419
9522513
9522610
9522641
9522713
9522719
9522732
9522771
9522863
9522958
9523055
9544502
9544633
9544763
9545031
9545048
9545213
9619509
9638015
9657925
9658875
9752731
9894305
9894316
9894421
9894650
9894661
9895250
9973737
9973880
9974023
9974077
9974153
9975758
9975770
9975773
9975915
9975924
9976075
9997578
10011867
10013601
10013602
10013614
10013629
10013684
10013836
10013928
10090216
10090379
10090449
10090483
10090560
10090615
10090932
10091185
10091373
10255970
10256198
10256281
10256651
10257811
10348914
10349112
10349433
10349484
10350210
10350251
10350438
10350752
10478435
10679354
10960623
10985143
11035224
11118169
11119679
11119719
11119819
11119925
11119989
11121122
11246087
11259443
11274576
11295311
11649111
11683878
11741451
11741708
11741768
11741892
11742053
11742729
11742980
11805694
11832809
11914291
11954582
11954621
11954698
11954945
11955087
11955251
11955260
11955262
11955415
12068612
12068907
12069000
12069324
12070032
12070484
12070522
12070582
12070648
12070663
12070833
12129115
12386272
12460985
12461586
12539822
12553214
12724500
12759775
12831922
12831937
12832562
12832620
12832712
12832838
12833014
12833076
12833267
12939587
12981376
12981394
12981405
12981439
12981511
12981529
12981681
12981763
12982201
13041223
13041394
13041395
13041553
13042705
13043441
13078106
13078744
13078898
13078900
13078984
13185545
13235784
13264796
13265719
13265778
13265782
13265803
13265898
13265921
13265961
13266009
13266249
13419329
13456780
13456963
13457237
13457272
13457367
13457405
13458250
13458440
13473436
13507238
13586542
13674501
13733945
13734501
13734844
13734937
13735047
13735079
13735096
13735103
13735297
13735356
13735363
13735399
13772178
13772489
13773261
13773336
13773657
13773857
13773881
13773881
13773987
13838341
13881051
13881087
13881116
13881278
13881312
13881341
13881465
13881502
13881704
13881718
13988040
14335641
14336414
14336441
14336838
14336859
14336904
14337002
14337070
14337134
14370974
14392725
14392742
14392752
14392790
14392857
14392932
14393010
14393036
14393280
14510048
14510099
14510211
14510456
14511276
14511285
14511692
14511764
14715926
14736213
14736991
14737064
14737082
14737090
14737182
14737230
14737307
14737445
14737677
14917090
14917116
14917222
14917240
14917320
14978037
