15000000
986
18879
19062
19142
19702
20390
78334
139939
140011
291284
312871
313025
313029
313138
313352
361905
378153
496969
497092
497292
497468
498311
558931
561950
561973
562184
562311
562368
596841
599681
599711
599744
599907
711902
711922
711935
711986
712081
712138
712312
873125
940309
995316
1029965
1031198
1031239
1031277
1031297
1087331
1087645
1088673
1135448
1234835
1247240
1271649
1271665
1271756
1271937
1316188
1316784
1317062
1317899
1317910
1365584
1416440
1460268
1461165
1461238
1461264
1603875
1663714
1739622
1784322
1852329
1852459
1852478
1902846
1917601
1917633
1917640
1917881
2022794
2022799
2022917
2023021
2258157
2258464
2258465
2308711
2308851
2308901
2309076
2309741
2343734
2343800
2343884
2344283
2390867
2406346
2406529
2406946
2407394
2407485
2425865
2448653
2526001
2565687
2682783
2699791
2703153
2703264
2703274
2703288
2703462
2703524
2736540
2763760
2777103
2778997
2779108
2779208
2781215
3034292
3172038
3188084
3189487
3189546
3189553
3189732
3260381
3291484
3291485
3291583
3291589
3292082
3372806
3372806
3372982
3373218
3373521
3425223
3542846
3588626
3590274
3590411
3590458
3779274
3780660
3780826
3780921
3841664
3877437
3877968
3878111
4059332
4059480
4059508
4060265
4120847
4120897
4121077
4121411
4173099
4194014
4200369
4200506
4200523
4200674
4200754
4278064
4368652
4368687
4368731
4368765
4368796
4368986
4389061
4416894
4418109
4418113
4418249
4418324
4498816
4530679
4550840
4709057
4743396
4743456
4743570
4743909
4744263
4893423
4937541
4983138
4983174
4983323
4983383
4984272
5038762
5187383
5189076
5204889
5246154
5246257
5246435
5246587
5297667
5307439
5307441
5307544
5307616
5307856
5439138
5440269
5440509
5538770
5538788
5538941
5539566
5540712
5710092
5727037
5788605
5788810
5788929
5789097
5789281
5935518
5941754
6078690
6079227
6079372
6079571
6079626
6196663
6240959
6284732
6307920
6307924
6307936
6308796
6447081
6448500
6448943
6495739
6505251
6506032
6555567
6555780
6555813
6555960
6556685
6611940
6611969
6612119
6612320
6663100
6703983
6711394
6781353
6781698
6781758
6781915
6782252
6853330
6884885
6884914
6885218
6885239
6885491
6885847
6916020
6934127
6941986
6942102
6942187
6942504
6982698
6983818
6990755
6990827
6990946
7118539
7148225
7295244
7355104
7393599
7393608
7393684
7393697
7393743
7393857
7463944
7484643
7506625
7524762
7534865
7642152
7814720
7814839
7814868
7985653
7987187
8144740
8157281
8157491
8157532
8157632
8233941
8286917
8327527
8343355
8343411
8343413
8343471
8343554
8343620
8343704
8343733
8343738
8357858
8468996
8469594
8541099
8546978
8547104
8687119
8688732
8689501
8689708
8710634
8733098
8806246
8808328
8809119
8809463
8810337
8810390
8891657
9010665
9019496
9019567
9019808
9054626
9055334
9055455
9060592
9317856
9317956
9318146
9318186
9318208
9318688
9418226
9418723
9418901
9419287
9445043
9468799
9468850
9469016
9469064
9497347
9497510
9497631
9522898
9522907
9523012
9523045
9523262
9543073
9545377
9545492
9611112
9620077
9638497
9735948
9825451
9879589
9892454
9894879
9894976
9895598
9974096
9975980
9975994
9976005
9976153
9976181
9976196
10001910
10012727
10013531
10013768
10013820
10013917
10090601
10090624
10090658
10090720
10119640
10256632
10256652
10256844
10293886
10347990
10349954
10350162
10503739
10531111
10728907
10799754
10886693
11033307
11062608
11120027
11120063
11120260
11121137
11455367
11579681
11669091
11684385
11741962
11742207
11742803
11743035
11817101
11922904
11954900
11954936
11955010
11955020
11955128
11955306
12046842
12067955
12068309
12070765
12070938
12071289
12071428
12178906
12303884
12560330
12636049
12669578
12832316
12832839
12833033
12833189
12907806
12981425
12981547
12981586
12981607
12982474
12997924
13043966
13079151
13079191
13265873
13265909
13265956
13266071
13344635
13413094
13450189
13457475
13457518
13457543
13457626
13506648
13587132
13734817
13735106
13735157
13773208
13773296
13773510
13773578
13815218
13852687
13853168
13881217
13881217
13881370
13881376
14105785
14336747
14336988
14337170
14337202
14337313
14337314
14359261
14371612
14393103
14393143
14393243
14393503
14510464
14510608
14510699
14510715
14511637
14736877
14736938
14737073
14737123
14737357
14917635
14926249
