15000000
446
336434
336500
337037
456435
475195
476491
530784
597913
647898
672280
693336
724542
786922
846848
950041
965317
973961
974530
988927
1353818
1502099
1660004
1865603
1952205
2063108
2164795
2182683
2185092
2317490
2394304
2440026
2583823
2623809
2761943
2762325
2762578
2762937
2801116
2908431
3025138
3026366
3144181
3220868
3316923
3420041
3453121
3549130
3729038
3874371
3917700
4002032
4049112
4187259
4187339
4187466
4485782
4648894
4663211
4776373
4972528
5004230
5116374
5190052
5554469
5798014
5850383
5864915
5930206
6002212
6070030
6071666
6071688
6071805
6315542
6450899
6541608
6614471
6714441
6891350
7120287
7138577
7167385
7228953
7229018
7247571
7476661
7586103
7618711
7659423
7787222
7867734
7998004
7998026
8120530
8182380
8203186
8228652
8267915
8355985
8395188
8477706
8568611
8602583
8740499
8740856
8740973
8800582
8982020
9148760
9183743
9209915
9379940
9458980
9569188
9591142
9782762
9873679
9999454
10018796
10059985
10162985
10163505
10163517
10163827
10237710
10267083
10318315
10376910
10378728
10574299
10649153
10749092
10892771
10911218
10922979
10947981
10949119
10991912
11059170
11119794
11173134
11379177
11405274
11433538
11757445
11781833
11782146
11782318
11782714
11782852
12030346
12030928
12031011
12114976
12352962
12395767
12577924
12646470
12821651
12870245
12889620
12943271
13069659
13283768
13300257
13386489
13437522
13504130
13584974
13630339
13676008
13757256
13897996
13920834
14125541
14125739
14125763
14125939
14151296
14275078
14466806
14518025
14557246
14583949
14818830
14856659
14947797
