15000000
6215
86520
103321
103338
103355
103372
103410
103425
103467
103510
103520
103538
103540
103598
103622
103653
103671
103684
103802
103865
103895
104228
128701
145930
145956
146003
146083
146163
146238
146421
146502
146567
147598
147714
147769
147803
147836
147875
147884
147906
147920
147979
148002
148056
148057
148102
148165
148205
148287
185981
186012
186030
186049
186098
186163
186172
186190
186192
186261
186290
186300
186321
186325
186326
186470
186470
186496
186625
186656
186705
186740
186741
186785
186793
186841
186853
320952
331682
331832
331940
332024
332199
332305
332335
332420
332432
332532
332553
332565
332649
332666
332667
332674
332705
332711
332766
332778
332803
332859
332903
332957
333030
333079
410450
418871
419109
419200
419349
419359
419404
419511
419511
419522
419535
419542
419635
419666
419686
419915
420188
420516
452583
519634
519763
519839
519890
519990
520086
520154
520230
520248
520253
520526
520817
520845
520849
520903
520911
520968
520983
521008
521031
521055
521067
521075
521157
521164
521166
521177
585395
585429
585554
585585
585586
585629
585652
585680
585686
585688
585696
585739
585788
585813
585815
585823
585961
585965
585965
586029
669700
711022
756683
756812
756898
757030
758965
759106
759420
759433
759654
759660
759682
759737
759808
759821
759849
759849
760283
760424
858105
1062931
1063550
1063596
1063611
1063625
1063690
1063706
1063713
1063721
1063763
1063800
1063806
1063856
1063873
1063880
1063888
1063933
1063979
1063981
1063981
1063986
1064000
1064093
1064127
1064148
1087410
1099367
1099373
1099374
1099450
1099498
1099528
1099557
1099568
1099596
1099639
1099641
1099674
1099742
1099745
1099771
1099784
1099844
1099869
1099923
1099994
1100200
1100236
1100257
1100372
1140452
1140791
1164784
1165136
1165344
1165532
1166980
1167970
1168204
1168247
1168384
1168433
1168468
1168480
1168558
1168573
1168601
1168667
1168684
1168696
1168820
1168827
1168929
1169205
1169295
1169324
1236581
1271735
1271769
1271770
1271784
1271821
1271879
1271894
1271907
1271918
1272106
1272210
1272226
1272229
1272239
1272368
1272418
1272606
1272610
1272684
1272706
1272752
1341272
1341294
1341333
1341345
1341391
1341395
1341420
1341457
1341492
1341507
1341510
1341515
1341526
1341542
1341592
1341625
1341650
1341666
1341675
1341699
1341724
1412112
1490534
1490577
1490868
1490885
1491705
1491838
1491853
1491892
1491897
1491899
1492014
1492019
1492037
1492056
1492080
1492151
1492174
1492186
1492243
1492247
1492274
1492289
1492375
1538447
1538464
1538805
1538868
1557826
1557845
1557849
1557954
1557982
1558065
1558082
1558087
1558151
1558151
1558170
1558191
1558206
1558208
1558248
1558298
1558319
1558393
1558397
1558409
1558465
1558518
1558617
1582952
1583335
1583401
1583515
1583764
1682779
1682849
1682878
1682986
1682987
1683087
1683172
1683178
1683184
1683295
1683323
1683357
1683366
1683386
1683428
1683439
1683495
1683496
1683497
1683506
1683530
1683588
1683599
1683609
1683645
1683645
1683740
1683745
1733916
1733922
1733951
1733960
1734042
1734069
1734070
1734075
1734089
1734150
1734166
1734174
1734191
1734198
1734278
1734305
1734323
1734469
1734471
1734970
1806823
1814402
1814419
1814431
1814445
1814512
1814542
1814555
1814582
1814599
1814601
1814646
1814717
1814788
1814843
1815089
1815251
1877038
1895953
1896039
1896051
1896226
1896302
1897638
1897640
1897643
1897693
1897733
1897768
1897811
1897885
1897897
1897908
1897910
1898068
1898134
1898188
1898288
1998221
1998248
1998319
1998358
1998424
1998553
1998569
1998591
1998831
1998974
1998999
1999000
1999010
1999074
1999083
1999102
1999117
1999145
1999169
1999207
1999208
1999217
1999223
1999321
1999329
1999349
1999355
1999371
1999451
1999466
1999487
2037490
2037536
2037572
2037576
2037617
2037714
2037726
2037732
2037737
2037842
2037863
2037972
2038341
2038365
2038558
2038568
2038635
2038687
2038773
2038844
2038855
2039001
2090046
2139501
2196663
2196790
2196894
2196907
2196950
2196956
2197065
2197099
2197102
2197124
2197192
2197218
2197231
2197243
2197285
2197303
2197342
2197374
2197377
2197442
2197649
2312557
2312573
2312617
2312619
2312673
2312739
2312757
2312759
2312777
2312780
2312880
2312889
2312898
2312933
2313025
2313033
2313134
2313140
2313250
2313289
2313334
2357044
2527996
2528140
2528208
2528268
2528282
2528288
2528311
2528412
2528463
2528463
2528464
2528710
2529278
2529432
2529438
2529457
2529535
2529538
2529611
2591840
2591847
2591851
2591869
2592022
2592041
2592047
2592104
2592141
2592157
2592168
2592172
2592243
2592248
2592262
2592348
2592360
2592418
2592441
2592541
2592549
2614842
2615277
2615801
2665340
2665378
2665436
2665450
2665477
2665494
2665512
2665515
2665566
2665578
2665612
2665717
2665732
2665840
2666060
2666068
2666071
2666380
2666380
2666419
2810787
2896859
2896932
2896951
2897001
2897529
2897565
2897692
2897694
2897785
2897802
2897886
2897895
2897944
2897946
2897953
2897990
2898032
2898053
2898062
2898069
2898070
2898239
2898263
2898299
2945260
2972585
2972701
2972746
2972819
2972845
2972906
2972933
2972937
2973004
2973038
2973039
2973076
2973081
2973088
2973142
2973176
2973189
2973194
2973346
2973446
3021836
3021849
3021876
3021886
3021891
3021957
3021986
3021991
3022020
3022029
3022051
3022096
3022131
3022144
3022172
3022179
3022255
3022263
3022324
3022440
3062016
3071943
3071967
3072026
3072080
3072121
3072153
3072304
3072335
3072347
3072476
3072652
3072776
3072911
3073053
3073072
3073197
3073197
3073259
3073267
3073379
3073417
3073422
3287494
3287794
3288019
3288029
3288140
3288413
3288631
3288682
3288719
3288727
3288799
3288826
3288836
3288898
3288926
3288928
3288943
3288975
3288978
3288986
3289063
3289065
3289088
3289103
3289172
3289178
3342504
3342520
3342550
3342557
3342750
3342833
3342864
3343009
3343555
3343642
3343677
3343687
3343688
3343706
3343785
3343805
3343810
3343818
3343844
3343867
3343869
3343890
3343989
3343991
3343995
3344010
3344056
3368282
3368300
3368335
3368462
3368519
3368587
3368598
3368756
3368757
3368847
3368906
3368908
3368960
3369166
3369186
3369288
3369376
3369449
3369471
3369497
3369501
3369568
3369568
3369575
3369577
3369583
3369697
3369754
3431584
3471178
3474711
3474799
3474880
3499680
3508322
3615044
3655529
3750432
3814845
3814927
3814945
3814982
3814994
3815008
3815010
3815068
3815106
3815137
3815155
3815159
3815164
3815170
3815263
3815283
3815288
3815306
3815329
3815380
3815480
3815565
3843881
3846906
3846924
3846939
3846946
3846994
3847055
3847082
3847152
3847158
3847246
3847326
3869250
3901506
3901857
3901942
3902504
3918139
3918180
3918212
3918438
3918586
3953422
3953763
3953945
3962050
3962144
3962160
3962177
3962242
3962255
3962258
3962261
3962291
3962355
3962362
3962425
3962427
3962453
3962480
3962571
3962672
3962678
3962709
3962784
3962805
3962811
3962813
3962886
3962981
4030699
4070388
4074134
4074274
4074459
4074477
4074690
4074694
4074820
4074985
4075034
4075085
4075105
4075108
4075128
4075166
4075171
4075215
4075224
4075239
4075250
4075259
4075342
4075351
4075365
4075386
4075448
4075528
4075540
4075652
4148319
4148369
4148641
4148763
4148801
4148949
4149004
4149127
4149274
4149283
4149295
4149297
4149366
4149372
4149372
4149381
4149407
4149481
4149537
4149543
4149547
4149617
4149693
4203847
4246360
4298408
4306197
4306344
4306461
4306561
4306937
4307064
4307081
4307091
4307153
4307193
4307228
4307232
4307240
4307249
4307279
4307315
4307365
4307384
4307391
4307396
4307505
4307514
4307525
4365300
4392061
4392371
4402638
4443113
4467145
4467156
4467206
4467210
4467254
4467288
4467335
4467356
4467367
4467379
4467476
4467526
4467567
4467577
4467654
4467713
4467744
4467953
4553845
4554345
4600528
4748312
4756958
4757100
4757167
4757217
4757509
4757641
4757651
4757714
4757716
4757749
4757796
4757799
4757831
4757852
4757866
4757886
4757954
4757977
4757990
4757998
4758044
4758296
4907787
4939146
5050112
5088005
5147878
5220476
5221223
5277922
5349037
5349333
5349764
5350387
5351340
5351661
5351733
5351762
5351796
5351840
5352118
5352345
5352354
5352382
5352591
5372090
5372155
5372241
5372273
5372289
5372314
5372396
5372420
5372426
5372447
5372492
5372492
5372553
5372611
5372635
5372665
5372728
5372787
5372795
5372798
5372876
5372990
5373100
5440240
5471388
5471992
5513490
5513552
5513681
5513704
5513863
5514084
5514133
5514159
5514303
5514371
5514414
5514429
5514476
5514509
5514562
5514567
5514585
5514588
5514603
5514641
5514646
5514649
5514676
5514724
5514731
5514742
5514777
5514803
5514831
5514871
5514915
5514996
5610772
5610815
5610845
5610966
5610966
5611017
5611061
5611114
5611157
5611158
5611166
5611200
5611226
5611265
5611272
5611386
5611394
5611405
5611699
5682053
5682189
5682224
5682236
5682335
5682405
5682507
5682511
5682667
5683295
5683367
5683381
5683402
5683520
5683527
5683560
5683573
5683600
5683607
5683650
5683662
5683663
5683679
5683742
5683770
5683772
5683780
5683838
5683920
5683959
5684012
5725635
5741430
5922369
5922390
5922457
5922499
5922520
5922601
5922626
5922675
5922680
5922759
5922767
5922771
5922779
5922890
5922955
5922979
5943115
5965871
6023548
6023604
6023611
6023621
6023650
6023653
6023730
6023736
6023741
6023756
6023762
6023798
6023832
6023844
6023862
6023884
6023894
6023984
6023993
6024003
6024023
6024039
6024059
6024137
6024164
6024179
6071484
6071524
6071553
6071576
6071587
6071676
6071708
6071796
6071838
6072061
6072062
6072128
6072406
6072619
6072642
6072773
6072840
6072863
6072904
6072942
6072956
6072972
6073112
6073146
6160685
6160778
6161111
6172536
6210247
6210253
6210257
6210300
6210314
6210383
6210385
6210423
6210428
6210562
6210572
6210584
6210584
6210600
6210603
6210702
6210744
6210786
6210793
6210825
6210897
6256428
6270842
6309564
6310985
6384307
6384606
6384649
6384678
6384743
6384866
6384894
6384967
6384987
6385003
6385048
6385098
6385101
6385120
6385146
6385202
6385227
6385232
6385267
6385278
6385283
6385383
6385463
6426300
6463490
6463825
6463905
6464259
6521686
6522338
6522340
6522493
6522501
6522513
6522613
6522767
6522771
6522798
6522927
6522954
6522991
6523099
6523131
6523190
6523199
6523201
6523257
6523358
6523418
6523449
6523505
6523559
6523643
6569431
6580240
6588267
6588275
6588279
6588292
6588304
6588342
6588362
6588364
6588382
6588464
6588469
6588478
6588519
6588629
6588659
6588719
6588841
6588926
6588941
6588988
6589092
6589115
6589115
6589138
6674299
6689634
6689671
6689722
6689744
6689765
6689780
6689840
6689844
6689851
6689858
6689948
6689981
6689981
6689991
6689992
6690028
6690083
6690101
6690149
6690188
6690296
6858937
6859280
6859362
6859509
6888287
6888351
6888387
6888412
6888487
6888495
6888538
6888541
6888573
6888577
6888672
6888677
6888687
6888731
6888737
6888803
6888899
6888901
6888928
6889354
6971537
6971559
6971571
6971583
6971691
6971826
6971903
6971915
6972046
6972074
6972200
6972212
6972228
6972238
6972244
6972286
6972344
6972357
6972367
6972370
6972376
6972421
6972438
6972485
6972520
6972520
6972526
6972538
7004028
7101754
7101761
7101766
7101769
7101791
7101869
7101894
7101914
7101926
7102026
7102048
7102051
7102124
7102163
7102173
7102204
7102343
7102349
7102362
7102564
7103155
7124048
7137777
7182308
7182334
7182422
7182446
7182451
7182497
7182551
7182588
7182670
7182679
7182701
7182722
7182792
7182803
7182807
7182831
7182920
7183032
7183065
7183300
7221068
7221223
7221472
7221576
7221657
7222141
7222156
7222201
7222305
7222376
7222423
7222518
7222544
7222577
7222607
7222632
7222707
7222707
7222762
7222841
7222862
7222955
7223051
7223077
7344349
7360175
7360180
7360299
7360299
7360310
7360321
7360370
7360388
7360412
7360426
7360467
7360492
7360522
7360529
7360530
7360594
7360602
7360697
7360842
7360846
7361030
7453688
7467635
7499587
7499687
7500760
7501134
7501716
7502214
7502215
7502238
7502320
7502321
7502338
7502358
7502392
7502401
7502461
7502484
7502493
7502572
7502598
7502611
7502723
7502730
7502878
7502899
7527100
7542949
7551329
7551338
7551352
7551379
7551481
7551533
7551586
7551631
7551730
7551832
7551956
7552002
7552044
7552174
7552206
7552210
7552256
7552377
7552403
7552431
7552440
7552540
7552551
7597112
7597489
7597564
7597789
7597837
7597886
7598107
7598376
7598589
7598717
7598814
7598836
7598840
7598854
7598989
7599013
7599027
7599081
7599102
7599232
7599247
7599279
7599280
7599293
7599327
7599422
7599449
7599471
7599501
7617637
7671358
7699719
7699723
7699748
7699757
7699894
7699897
7699903
7699920
7699924
7700043
7700060
7700077
7700090
7700230
7700265
7700269
7700377
7700853
7700987
7744264
7745010
7745018
7745031
7745066
7745195
7745209
7745236
7745281
7745352
7745397
7745399
7745422
7745432
7745510
7745555
7745559
7745580
7745605
7745795
7745836
7872947
7959963
7960168
7960173
7960335
7960407
7960553
7960562
7960574
7960579
7960788
7960872
7960934
7960942
7960961
7960995
7961077
7961109
7961111
7961155
7961405
7961573
8002245
8002299
8002321
8002345
8002349
8002391
8002402
8002411
8002438
8002469
8002493
8002502
8002530
8002542
8002547
8002617
8002625
8002678
8002717
8002723
8002796
8002876
8002908
8003016
8059071
8098344
8192740
8206489
8206497
8206533
8206582
8206819
8207558
8207564
8207564
8207678
8207701
8207707
8207728
8207822
8207837
8207896
8207897
8272315
8276246
8276278
8276414
8276425
8276436
8276449
8276590
8276603
8276610
8276690
8276802
8276818
8276894
8276959
8277002
8277045
8277095
8277108
8277147
8277163
8277245
8361674
8364411
8364493
8364500
8364545
8364595
8364600
8364606
8364608
8364654
8364734
8364771
8364790
8364793
8364961
8365048
8457963
8607930
8608211
8608296
8608617
8608890
8609164
8609167
8609253
8609309
8609340
8609522
8609555
8609574
8609645
8609701
8609721
8636129
8644888
8681956
8681970
8682149
8682207
8682262
8682284
8682352
8682362
8682369
8682559
8682655
8682671
8682757
8682815
8682949
8682953
8683023
8683025
8683052
8683104
8683142
8683152
8683201
8683211
8683253
8683256
8822822
8841309
8955087
8972768
9011235
9011344
9011470
9011514
9011519
9011538
9011732
9011795
9011853
9012324
9012357
9012390
9012392
9012455
9012461
9012470
9012511
9012537
9012569
9012601
9012645
9012658
9012662
9012779
9012835
9012856
9012949
9031320
9060456
9112215
9124431
9153446
9153477
9153899
9153933
9153946
9207500
9208128
9221295
9221316
9221331
9221525
9221703
9222190
9222219
9222276
9222287
9222313
9222329
9222401
9222424
9222429
9222457
9222534
9222541
9222571
9222644
9222647
9222679
9222686
9222706
9222806
9222906
9257099
9282002
9332663
9350374
9365689
9365724
9365819
9365824
9365849
9365852
9365937
9365965
9366007
9366013
9366023
9366044
9366144
9366147
9366205
9366236
9366272
9406544
9445943
9446608
9447112
9459071
9503207
9503220
9503418
9503474
9503481
9504322
9504369
9504449
9504455
9504474
9504581
9504728
9504737
9504790
9504791
9504828
9504891
9504926
9504944
9504946
9505009
9505024
9505041
9505055
9613180
9613196
9613358
9613429
9613431
9613481
9613483
9613486
9613488
9613603
9613604
9613614
9613619
9613696
9613698
9613789
9613814
9613827
9614088
9648816
9649277
9649385
9650022
9650506
9650508
9650639
9650756
9650759
9650766
9650824
9650864
9650896
9650909
9650965
9651012
9651022
9651041
9651186
9651657
9763423
9763581
9763612
9763628
9763670
9763712
9763786
9763793
9763932
9763936
9763962
9763982
9764044
9764117
9764120
9764160
9764220
9764290
9764358
9764375
9764382
9786218
9786258
9786373
9786404
9786432
9786697
9786698
9786728
9786907
9787053
9787102
9787132
9787232
9787287
9787294
9787304
9787615
9787707
9787761
9843332
9846905
9898867
9929035
9929174
9929186
9929205
9929263
9929272
9929377
9929412
9929422
9929468
9929474
9929499
9929518
9929526
9929541
9929607
9929607
9929651
9929652
9929670
9929700
9929783
9929789
9929799
9929814
9929848
9929924
9929973
10010500
10010583
10010617
10010623
10010720
10010793
10010813
10010835
10010836
10010909
10010934
10010936
10010940
10010947
10010970
10011089
10011116
10011138
10011162
10012004
10136706
10154298
10154843
10255147
10255289
10255311
10255341
10255369
10255402
10255407
10255442
10255459
10255474
10255481
10255515
10255576
10255576
10255602
10255652
10255740
10255755
10256378
10256402
10282659
10406378
10406570
10406608
10406665
10406673
10406690
10406698
10406792
10406795
10406803
10406827
10406856
10406870
10406896
10406935
10407046
10407046
10407163
10407629
10469138
10469377
10469401
10469461
10469803
10469884
10469920
10469955
10469965
10470028
10470081
10470105
10470212
10470369
10470733
10471067
10522931
10523346
10523411
10523898
10549226
10623864
10650425
10650553
10650588
10650754
10650816
10650887
10650888
10650945
10651050
10651076
10651253
10651384
10651468
10651552
10651553
10651560
10651590
10651613
10651654
10651660
10651660
10651752
10651764
10651804
10651920
10651937
10697186
10697285
10697311
10697315
10697317
10697474
10697593
10697647
10697758
10697805
10697810
10697858
10697903
10697905
10697948
10698004
10698049
10698097
10698384
10698437
10698551
10735912
10735987
10736012
10736042
10736111
10736115
10736133
10736144
10736181
10736207
10736284
10736297
10736320
10736325
10736451
10871079
10871479
10871485
10871601
10871623
10900797
10900828
10900829
10900890
10900931
10901018
10901093
10901115
10901142
10901157
10901173
10901176
10901238
10901241
10901253
10901261
10901332
10901337
10901343
10901375
10901387
10901405
10901509
10975788
11033964
11086047
11135536
11135660
11135917
11135927
11136117
11136278
11136520
11136547
11136572
11136711
11136783
11137044
11137060
11137074
11137132
11137210
11137211
11137217
11137324
11137328
11137350
11188216
11237585
11237592
11237597
11237631
11237692
11237756
11237758
11237773
11237788
11237800
11237814
11237844
11237891
11237912
11237915
11237936
11238002
11238025
11293875
11309714
11332491
11332520
11332557
11332591
11332596
11332625
11332699
11332715
11332734
11332736
11332834
11332843
11332876
11332881
11332917
11332971
11332989
11333057
11333279
11333506
11384835
11414378
11442864
11476161
11504643
11504668
11504672
11504762
11504789
11504813
11504825
11504826
11504846
11504862
11504907
11504912
11504914
11504948
11504986
11505012
11505015
11505107
11505124
11505128
11505345
11505398
11529788
11591755
11592231
11592292
11592296
11592308
11592332
11592427
11592428
11592496
11592578
11592671
11592825
11592950
11592967
11592995
11593051
11593051
11593065
11593091
11593107
11593159
11593159
11593161
11593170
11593246
11593320
11593429
11626420
11775150
11775520
11803718
11831241
11852923
11853044
11853101
11853110
11853113
11853120
11853259
11853281
11853329
11853393
11853407
11853476
11853499
11853582
11853603
11853749
11853797
11853802
11853888
11853983
11854073
11854376
11926377
11927097
12038229
12038335
12038643
12038792
12038811
12038968
12038986
12039033
12039105
12039120
12039156
12039215
12039239
12039259
12039306
12039383
12039394
12039397
12039414
12039531
12039553
12039936
12040154
12069964
12079025
12079096
12079387
12079481
12080791
12080885
12080905
12080996
12081053
12081070
12081076
12081118
12081130
12081201
12081221
12081228
12081263
12081306
12081346
12081412
12081478
12081617
12147234
12147271
12147330
12147494
12167440
12167503
12167560
12167606
12167660
12167713
12167815
12167815
12167830
12167938
12168541
12168660
12168663
12168664
12168689
12168713
12168755
12168796
12168803
12168817
12168830
12168859
12168874
12168890
12168941
12168955
12168974
12168986
12194250
12205031
12224105
12224127
12224178
12224207
12224278
12224347
12224399
12224409
12224453
12224500
12224526
12224584
12224619
12224760
12224830
12224875
12248456
12281454
12281551
12281566
12281670
12281767
12281938
12282743
12282900
12282943
12282946
12282949
12282993
12283018
12283021
12283055
12283062
12283092
12283098
12283173
12283176
12283186
12283246
12283260
12283273
12283273
12283331
12342461
12342629
12342793
12342815
12342917
12343627
12343627
12343669
12343740
12343743
12343772
12343777
12343847
12343860
12343904
12343947
12343955
12343964
12343979
12344100
12344102
12344247
12385275
12385364
12385380
12385393
12385411
12385446
12385511
12385548
12385573
12385592
12385601
12385695
12385702
12385714
12385744
12385746
12385757
12385816
12385846
12385875
12385885
12385917
12414540
12439962
12466037
12466401
12486727
12487472
12508209
12508216
12508225
12508266
12508281
12508371
12508392
12508396
12508418
12508459
12508494
12508511
12508537
12508547
12508558
12508558
12508635
12508642
12508659
12508692
12508730
12508768
12541972
12597260
12661667
12684888
12690202
12690205
12690302
12690324
12690398
12690410
12690424
12690494
12690513
12690525
12690550
12690584
12690630
12690662
12690665
12690668
12690679
12690707
12690812
12690819
12690820
12690822
12691129
12717124
12745735
12745771
12746035
12746039
12746065
12809193
12834496
12834501
12834501
12834554
12834574
12834578
12834601
12834624
12834632
12834673
12834688
12834691
12834710
12834725
12834826
12834834
12834851
12834993
12835009
12835042
12872702
12872732
12872820
12872834
12872849
12872852
12872852
12872991
12873040
12873089
12873096
12873177
12873355
12873359
12873366
12873423
12873428
12873437
12873450
12873478
12873483
12873517
12873567
12873571
12873591
12873591
12873772
12909947
12928230
12931019
12939751
12939793
12939801
12939810
12939820
12939827
12939851
12939915
12939935
12939961
12939963
12939992
12940005
12940040
12940056
12940069
12940086
12940156
12940169
12940199
12940218
12940228
12940403
12985956
12985980
12986221
12986261
13056088
13056595
13056687
13056765
13056801
13056809
13056850
13056913
13056946
13057031
13057429
13057481
13057482
13057542
13057553
13057579
13057607
13057624
13057652
13057667
13057694
13057696
13057700
13057739
13057753
13057851
13057855
13086790
13096302
13110444
13110742
13110819
13110829
13110940
13111002
13111020
13111024
13111149
13111633
13111644
13111645
13111660
13111739
13111748
13111762
13111769
13111775
13111836
13111867
13111873
13111896
13111904
13111937
13112030
13112038
13112076
13142343
13142957
13204886
13243965
13274912
13292376
13408909
13408938
13409412
13409670
13409833
13433128
13433177
13433200
13433211
13433274
13433364
13433404
13433413
13433508
13433603
13433674
13433684
13433938
13434016
13434067
13434103
13464215
13464237
13464344
13464377
13464419
13464467
13464479
13464540
13464578
13464612
13464622
13464657
13464658
13464684
13464686
13464718
13464737
13464779
13464794
13464812
13464819
13464852
13464967
13465068
13525510
13559060
13662629
13662650
13662690
13662692
13662756
13662817
13662829
13662844
13662844
13662913
13662914
13662921
13662933
13662944
13663039
13663049
13663051
13663057
13663176
13663456
13663522
13663698
13663808
13740248
13740355
13740356
13740375
13740410
13740464
13740480
13740498
13740578
13740591
13740593
13740621
13740646
13740667
13740712
13740733
13740748
13740795
13740803
13741091
13781832
13781861
13781916
13782089
13782187
13782445
13783492
13783564
13783622
13783636
13783660
13783751
13783752
13783756
13783789
13783838
13783874
13783875
13783905
13783941
13783945
13784016
13784026
13784087
13784121
13784292
13812176
13812206
13812337
13812341
13812388
13812392
13812418
13812443
13812493
13812510
13812530
13812537
13812553
13812558
13812682
13812685
13812688
13812742
13812829
13812857
13812869
13812972
13846791
13847974
13847982
13848006
13848016
13848106
13848111
13848125
13848171
13848227
13848234
13848247
13848265
13848408
13881368
13881406
13881443
13881522
13881558
13881718
13882612
13882618
13882701
13882798
13882814
13882838
13882846
13882977
13883003
13883041
13942956
13967434
14012509
14021093
14021104
14021187
14021240
14021277
14021340
14021385
14021404
14021416
14021456
14021660
14021675
14021934
14022052
14022053
14022053
14022084
14022211
14022219
14022237
14022333
14022363
14022402
14022540
14052146
14082661
14083068
14083563
14084738
14084826
14084892
14084901
14084916
14084936
14084965
14084970
14084991
14084998
14085024
14085096
14085136
14085229
14085239
14085246
14085317
14085406
14085431
14085437
14085443
14085713
14085847
14098987
14146338
14146672
14146975
14147075
14148369
14148400
14148456
14148469
14148490
14148497
14148508
14148562
14148569
14148570
14148570
14148623
14148634
14148670
14148684
14148707
14148793
14148861
14148901
14148966
14149025
14149047
14149159
14196392
14242580
14250697
14250797
14250898
14250917
14250943
14251024
14251044
14251136
14251140
14251155
14251187
14251262
14251273
14251275
14251275
14251284
14251373
14251394
14251404
14251424
14251638
14275009
14294217
14316701
14317579
14348921
14348991
14349162
14349222
14349296
14428041
14461537
14461691
14461739
14461829
14462033
14462096
14462140
14462271
14462366
14462373
14462536
14462980
14463023
14463069
14463094
14463100
14463119
14463123
14463163
14463219
14463222
14463223
14463269
14463293
14546008
14546030
14546079
14546108
14546191
14546213
14546279
14546283
14546313
14546390
14546490
14546601
14546609
14546687
14546818
14547159
14547345
14547469
14547627
14610049
14629081
14629098
14629221
14629362
14629413
14629653
14630027
14630035
14630048
14630143
14630201
14630209
14630209
14630251
14630303
14630325
14630351
14630418
14630423
14630427
14630435
14630536
14630558
14676692
14677325
14677509
14677575
14677685
14678473
14678514
14678521
14678525
14678631
14678638
14678654
14678681
14678703
14678738
14678798
14678804
14678917
14678922
14678930
14679025
14679101
14679172
14679271
14748804
14748855
14748939
14748948
14749003
14749110
14749171
14749331
14749625
14749786
14749791
14749844
14749894
14749938
14749954
14750003
14750024
14750060
14750064
14750069
14750123
14750177
14750177
14750197
14750230
14750384
14750393
14792802
14823546
14872964
14873241
14873318
14873390
14873570
14873785
14873852
14873853
14873995
14874003
14874072
14874076
14874119
14874137
14874204
14874216
14874246
14874272
14874346
14874394
14874573
14926117
14942915
14942933
14943042
14943151
14943168
14943194
14943228
14943348
14943431
14943516
14943546
14943598
14943647
14943649
14943673
14943902
14944032
14944932
14967364
