15000000
4327
102975
103073
103214
103288
103416
103490
103498
103527
103629
103746
103923
146405
147224
147260
147261
147421
147446
147513
147555
147575
147672
147691
147701
147750
147875
148359
185814
185914
185914
186019
186032
186075
186209
186255
186329
186331
186362
186455
186465
186515
186566
186582
186617
186669
186679
211024
330519
331245
331255
331317
331643
332503
332605
332634
332720
332739
332767
332823
332872
332886
332897
332931
333058
333067
418988
419025
419305
419388
419502
419674
419738
419739
419791
419898
419917
420133
420198
420812
520351
520368
520376
520379
520386
520476
520493
520533
520536
520623
520648
520674
520771
520875
520984
521057
521120
521239
521257
562810
585497
585549
585563
585567
585579
585672
585672
585703
585839
585995
586002
586120
586188
758433
758812
759270
759496
759524
759660
759951
760081
760083
760133
760222
760262
760264
760411
760438
772351
850287
1063278
1063314
1063366
1063462
1063527
1063537
1063662
1063663
1063849
1063877
1063895
1063916
1064067
1064117
1064203
1064204
1064217
1099357
1099412
1099432
1099457
1099465
1099538
1099546
1099559
1099648
1099858
1099903
1099973
1099999
1100017
1100025
1100168
1100179
1100189
1100312
1165974
1166487
1166834
1168251
1168295
1168313
1168337
1168380
1168390
1168453
1168479
1168554
1168676
1168809
1271260
1271344
1271555
1271739
1271847
1271982
1272006
1272120
1272129
1272170
1272369
1272424
1272482
1272575
1272582
1272614
1272721
1288602
1339701
1340925
1340925
1341091
1341112
1341212
1341339
1341349
1341400
1341563
1341592
1341807
1341832
1341871
1341958
1341970
1342294
1491515
1491530
1491635
1491722
1491735
1491735
1491772
1491779
1491912
1492002
1492074
1492355
1492439
1492561
1538000
1556440
1556793
1556910
1557885
1557914
1558138
1558164
1558248
1558323
1558392
1558453
1558541
1558594
1558651
1558698
1630522
1643874
1682516
1682651
1682826
1682830
1682881
1683076
1683097
1683097
1683228
1683273
1683326
1683424
1683430
1683442
1683537
1683669
1683765
1733325
1733915
1733942
1734024
1734086
1734184
1734203
1734239
1734295
1734300
1734328
1734390
1734406
1734448
1734454
1734616
1734638
1734774
1765364
1799171
1813555
1814711
1814773
1814783
1814786
1814924
1814970
1815036
1815065
1815137
1815170
1815279
1816247
1895552
1897454
1897470
1897479
1897583
1897667
1897718
1897875
1897916
1897941
1898041
1898081
1898082
1932425
1943298
1998620
1998651
1998751
1998752
1998799
1998880
1998909
1998927
1998934
1998973
1999017
1999081
1999087
1999141
1999164
1999291
1999311
1999382
1999424
2033227
2037773
2037859
2037912
2037944
2038072
2038086
2038094
2038148
2038187
2038224
2038227
2038238
2038380
2038396
2038420
2038458
2038530
2038544
2038634
2078308
2107221
2196760
2196772
2196983
2196983
2197059
2197101
2197103
2197113
2197167
2197244
2197248
2197276
2197408
2197445
2197450
2197457
2249114
2310669
2312656
2312722
2312761
2312801
2312810
2312840
2312855
2312865
2312894
2313001
2313005
2313050
2313164
2340538
2398034
2486792
2487475
2490994
2528512
2528548
2528681
2528709
2528732
2528771
2528799
2528830
2528915
2528954
2529015
2529120
2529298
2529369
2563273
2591567
2591605
2591676
2591703
2591949
2592034
2592180
2592245
2592333
2592348
2592379
2592399
2592495
2592525
2592620
2630790
2631256
2665384
2665400
2665412
2665420
2665446
2665563
2665580
2665620
2665659
2665707
2665707
2665781
2665791
2665821
2665913
2665977
2666029
2724760
2897112
2897284
2897453
2897495
2897569
2897810
2897816
2897829
2897910
2897934
2897946
2897969
2898028
2898079
2898106
2898147
2898336
2898363
2898427
2951860
2972312
2972369
2972474
2972632
2972737
2972774
2972903
2973042
2973197
2973262
2973269
2973367
2975119
3021481
3021565
3021774
3021846
3021850
3021920
3021978
3021979
3021987
3022067
3022108
3022383
3022432
3061480
3071279
3072585
3072585
3072643
3072693
3072734
3072737
3072806
3072826
3072837
3072929
3072932
3072935
3072984
3073008
3073085
3107551
3161883
3202117
3288142
3288268
3288270
3288294
3288422
3288449
3288451
3288461
3288612
3288631
3288696
3288713
3288724
3288772
3288776
3288789
3288830
3288892
3288940
3288953
3288996
3342953
3342992
3343067
3343214
3343343
3343409
3343450
3343525
3343546
3343587
3343598
3343612
3343651
3343709
3343776
3343788
3343872
3344022
3368748
3368894
3368920
3369111
3369121
3369145
3369152
3369212
3369233
3369266
3369304
3369333
3369344
3369382
3369391
3369445
3369468
3369577
3369601
3474429
3505833
3559916
3582543
3640468
3654635
3718402
3742469
3772286
3814259
3814533
3814682
3814747
3814748
3814750
3814890
3814890
3814922
3814988
3815157
3815160
3815422
3815427
3815638
3846525
3846542
3846674
3846731
3846742
3846861
3847042
3847090
3848019
3848061
3878572
3917878
3961691
3961819
3961962
3962010
3962013
3962142
3962143
3962158
3962278
3962556
3962587
3962597
3962766
3962768
3962849
3962955
4029504
4030290
4072231
4074564
4074568
4074699
4074911
4074952
4074973
4075035
4075069
4075088
4075097
4075103
4075138
4075269
4075280
4075281
4075299
4075462
4075471
4148078
4148767
4148849
4148915
4149076
4149171
4149202
4149214
4149228
4149330
4149401
4149426
4149506
4149702
4149777
4149854
4149940
4150121
4283767
4306673
4306712
4306870
4306903
4306980
4306991
4307015
4307035
4307080
4307092
4307124
4307131
4307187
4307240
4307244
4307282
4307434
4307472
4420464
4465229
4466655
4466689
4466947
4467090
4467358
4467400
4467487
4467499
4467545
4467885
4467957
4468023
4468034
4468130
4468184
4538098
4614248
4757407
4757409
4757468
4757497
4757542
4757571
4757592
4757686
4757726
4757772
4757888
4757907
4757920
4758078
4758255
4758277
4938517
5006516
5108229
5134851
5136492
5167446
5198769
5217497
5244385
5349775
5350082
5351659
5351693
5351700
5351768
5351935
5351977
5372057
5372328
5372344
5372372
5372424
5372481
5372565
5372666
5372763
5372775
5372775
5372786
5372825
5372914
5372925
5372937
5372962
5430671
5513127
5513499
5513718
5513777
5513955
5514498
5514510
5514512
5514520
5514612
5514692
5514713
5514715
5514788
5514826
5514845
5514864
5515095
5557931
5572669
5610060
5610576
5610603
5610677
5610705
5610712
5611390
5611392
5611398
5634550
5681219
5683049
5683070
5683106
5683112
5683180
5683183
5683209
5683237
5683248
5683306
5683387
5683390
5683392
5683398
5683509
5683563
5695172
5754605
5898011
5921710
5922573
5922634
5922675
5922750
5922806
5922827
5923063
5923080
5923089
5923134
5923140
5923357
5957550
6023425
6023435
6023450
6023498
6023511
6023608
6023627
6023630
6023730
6023731
6023915
6023925
6024043
6024134
6024136
6024187
6024314
6024346
6024518
6054202
6070634
6071328
6072026
6072109
6072157
6072180
6072253
6072349
6072411
6072424
6072485
6072570
6072579
6072612
6102927
6114454
6131550
6209912
6209976
6210127
6210139
6210288
6210436
6210503
6210553
6210586
6210683
6210729
6210738
6210788
6254473
6341083
6384013
6384618
6384715
6384784
6384884
6384911
6384947
6384952
6384967
6385078
6385080
6385102
6385108
6385663
6385668
6436703
6466802
6521730
6522853
6522854
6522885
6522886
6522969
6523009
6523022
6523058
6523077
6523097
6523171
6523189
6523217
6523234
6523321
6523336
6523359
6523454
6588041
6588098
6588153
6588158
6588198
6588204
6588289
6588363
6588372
6588460
6588549
6588675
6588852
6588889
6588905
6588962
6589013
6620162
6635344
6689591
6689612
6689691
6689759
6689787
6689807
6689930
6689954
6689980
6690120
6690150
6690315
6690680
6704667
6887867
6887897
6888107
6888211
6888491
6888528
6888615
6888617
6888717
6889038
6889153
6889184
6889188
6889287
6958285
6971738
6971860
6971867
6971986
6971986
6972043
6972063
6972090
6972107
6972128
6972130
6972141
6972146
6972203
6972227
6972268
6972362
6972399
6972487
6972609
7059100
7101295
7101435
7101520
7101635
7101928
7101937
7102159
7102234
7102249
7102259
7102356
7102360
7102404
7102492
7102571
7102592
7102609
7156691
7182153
7182304
7182335
7182353
7182376
7182392
7182528
7182586
7182859
7182996
7182996
7183053
7183063
7183148
7183153
7183172
7183177
7221584
7221666
7221802
7221956
7222331
7222363
7222418
7222513
7222589
7222602
7222639
7222741
7222863
7222911
7222942
7359793
7359890
7359977
7359980
7360110
7360467
7360472
7360621
7360643
7360656
7360672
7360722
7360796
7360835
7360882
7360976
7499170
7499363
7499598
7502054
7502238
7502239
7502257
7502279
7502297
7502403
7502447
7502452
7502470
7502611
7502631
7502639
7502945
7502983
7503106
7550604
7550651
7550949
7551094
7551778
7551941
7551968
7552023
7552088
7552156
7552160
7552302
7552359
7552366
7552380
7552433
7597650
7597848
7597863
7598079
7598492
7598498
7598554
7598638
7598683
7598777
7598794
7598813
7598821
7598937
7599004
7599201
7599266
7599308
7599346
7699288
7699330
7699531
7699578
7700081
7700097
7700221
7700321
7700409
7700604
7700697
7700777
7744793
7744914
7744995
7745058
7745130
7745216
7745300
7745338
7745439
7745704
7745721
7745766
7777997
7872582
7945046
7959679
7960402
7960653
7960706
7960755
7960799
7960806
7960813
7960842
7960914
7960922
7960941
7960960
7961289
7961313
7961317
7999027
8001715
8002279
8002337
8002345
8002367
8002437
8002467
8002517
8002531
8002587
8002605
8002680
8002732
8002777
8002792
8099678
8139581
8206619
8207077
8207189
8207594
8207609
8207694
8207881
8207939
8208093
8208107
8208130
8208193
8208267
8208281
8208300
8208327
8208633
8244667
8275479
8275490
8276389
8276550
8276707
8276757
8276844
8276844
8276855
8276923
8276953
8276991
8277030
8277041
8277422
8300113
8363652
8363889
8364048
8364127
8364645
8364955
8364957
8364965
8365138
8365241
8402684
8484458
8601093
8608867
8608895
8609003
8609027
8609282
8609487
8609524
8609574
8609627
8609807
8610012
8610099
8681275
8681632
8681690
8682184
8682471
8682699
8682704
8682819
8682978
8682985
8683088
8683093
8683134
8683141
8683226
8683230
8683274
8683329
8707773
8962447
9011817
9011886
9011937
9012033
9012055
9012078
9012078
9012091
9012208
9012236
9012279
9012519
9012609
9012627
9012634
9096030
9125235
9219078
9221937
9221959
9221976
9222086
9222186
9222218
9222384
9222486
9222486
9222507
9222545
9222645
9222692
9222733
9222873
9223048
9275268
9365057
9365431
9365465
9365496
9365594
9365596
9366105
9366193
9366233
9366256
9366284
9366396
9366439
9366569
9405283
9440102
9441130
9503781
9504005
9504017
9504070
9504260
9504284
9504401
9504614
9504620
9504646
9504708
9504779
9504779
9504879
9504891
9504892
9504905
9505161
9613337
9613337
9613394
9613463
9613484
9613524
9613624
9613661
9613898
9613934
9614204
9647962
9650293
9650296
9650361
9650362
9650532
9650574
9650645
9650896
9650937
9651041
9651071
9651129
9651269
9651280
9651394
9660039
9687068
9763639
9763645
9763682
9763788
9763905
9764017
9764029
9764091
9764176
9764206
9764206
9764258
9764420
9764577
9786547
9787096
9787123
9787155
9787270
9787276
9787313
9787319
9787430
9787468
9787481
9787511
9787786
9788059
9842743
9929042
9929042
9929066
9929074
9929096
9929245
9929277
9929345
9929413
9929417
9929496
9929549
9929567
9929595
9929730
9929832
10010640
10010724
10010733
10010735
10010750
10010785
10010883
10010911
10010924
10010945
10011163
10011174
10011378
10011380
10011380
10011455
10011599
10145858
10254842
10255226
10255263
10255269
10255409
10255442
10255507
10255592
10255618
10255729
10255795
10255811
10255895
10256129
10256149
10285554
10405905
10406101
10406604
10406702
10406770
10406804
10406898
10406930
10406961
10407051
10407111
10407121
10407226
10407240
10407620
10408031
10469551
10469592
10469606
10469612
10469670
10469789
10469811
10469909
10469991
10470007
10470222
10470324
10470372
10470397
10525621
10559844
10563606
10605012
10605377
10622944
10650660
10650662
10650683
10650695
10650796
10650858
10651044
10651133
10651353
10651357
10651425
10651548
10651629
10651694
10651712
10651731
10651820
10651843
10651853
10652006
10687903
10697574
10697579
10697602
10697655
10697673
10697707
10697725
10697774
10697805
10697813
10697885
10697936
10697945
10697970
10697998
10698152
10698241
10698360
10698392
10718720
10735568
10735793
10735898
10736005
10736097
10736235
10736248
10736275
10736452
10736457
10736570
10736655
10736666
10736670
10737164
10830350
10843328
10874995
10900101
10900206
10900269
10900942
10901042
10901106
10901169
10901176
10901179
10901243
10901256
10901316
10901379
10901391
10901495
10901559
10901580
10901659
10936917
11136125
11136161
11136296
11136333
11136420
11136573
11136575
11136588
11136754
11136950
11136973
11171363
11236547
11237135
11237306
11237677
11237860
11237911
11237974
11238048
11238083
11238103
11238175
11238296
11238388
11238516
11293124
11332679
11332743
11332794
11332805
11332810
11332909
11333000
11333016
11333038
11333049
11333150
11333153
11333156
11333261
11333342
11363143
11442166
11504687
11504738
11504756
11504758
11504760
11504771
11504787
11504888
11504927
11504928
11505053
11505080
11505224
11505242
11505368
11505393
11505409
11590809
11592323
11592352
11592435
11592527
11592584
11592779
11592784
11592817
11592826
11592848
11592916
11592939
11592945
11592975
11593045
11593085
11772193
11841221
11852642
11852793
11852955
11853129
11853233
11853386
11853389
11853503
11853651
11853711
11853735
11853768
11853902
11853934
11853996
11854115
11854247
11872555
11931408
11965537
12037976
12038907
12039057
12039138
12039187
12039264
12039288
12039297
12039303
12039386
12039407
12039499
12039541
12039642
12039660
12054406
12078423
12078655
12078851
12079180
12080642
12081138
12081210
12081330
12081408
12081425
12081482
12081520
12081587
12081700
12146910
12165982
12166573
12168152
12168224
12168325
12168417
12168479
12168500
12168526
12168565
12168580
12168632
12168717
12168721
12168751
12168853
12168874
12168879
12169021
12169183
12204668
12224312
12224410
12224461
12224558
12224687
12224858
12225094
12282316
12282393
12282414
12282575
12282587
12282597
12282710
12282811
12282832
12282854
12282878
12282945
12283037
12283042
12283050
12283076
12283211
12304566
12343507
12343520
12343613
12343652
12343713
12343730
12343757
12343814
12343889
12343965
12344060
12344137
12385119
12385227
12385233
12385328
12385447
12385584
12385607
12385666
12385735
12385770
12385908
12385934
12385978
12386002
12386044
12386128
12386196
12507902
12507971
12507997
12508261
12508276
12508326
12508347
12508386
12508442
12508447
12508484
12508551
12508801
12508958
12598989
12690109
12690126
12690194
12690197
12690299
12690326
12690345
12690437
12690457
12690532
12690578
12690710
12690775
12690898
12690941
12690970
12691121
12753324
12834247
12834311
12834347
12834434
12834447
12834452
12834572
12834611
12834931
12835016
12835024
12835030
12835040
12835198
12835223
12835263
12835333
12872778
12872808
12872919
12872933
12873044
12873159
12873254
12873275
12873282
12873321
12873343
12873352
12873375
12873424
12873466
12873491
12873493
12873527
12873643
12873784
12930595
12939615
12939645
12939669
12939709
12939769
12939808
12939841
12939883
12939992
12940107
12940126
12940233
12940405
12940498
12964372
12985356
12985625
12985814
12986117
13045285
13056328
13056538
13056630
13057044
13057136
13057167
13057242
13057256
13057303
13057332
13057381
13057447
13057486
13057503
13057569
13057813
13111173
13111207
13111214
13111266
13111285
13111402
13111416
13111467
13111483
13111498
13111499
13111500
13111607
13111616
13111636
13111741
13111750
13111788
13111817
13111891
13111939
13159704
13291937
13407411
13432899
13433062
13433139
13433173
13433415
13433568
13433597
13433698
13433739
13433823
13433846
13433922
13433931
13434006
13462743
13464105
13464227
13464338
13464382
13464520
13464527
13464539
13464674
13464708
13464773
13464833
13464846
13464853
13464946
13465034
13465058
13551486
13592320
13662499
13662542
13662570
13662705
13662751
13662772
13662786
13662856
13662949
13662989
13663043
13663062
13663064
13663142
13663159
13663164
13663206
13663245
13663346
13663397
13663426
13663452
13712091
13739476
13740460
13740489
13740514
13740536
13740654
13740690
13740695
13740697
13740783
13740795
13740839
13741030
13741376
13781645
13783035
13783103
13783238
13783278
13783540
13783553
13783645
13783791
13783880
13783901
13783953
13784098
13784173
13784227
13804466
13812097
13812167
13812262
13812285
13812327
13812364
13812430
13812506
13812532
13812583
13812591
13812778
13812933
13813084
13813129
13848081
13848091
13848095
13848099
13848127
13848222
13848247
13848478
13848675
13848700
13848751
13849039
13881051
13881258
13881331
13881442
13882658
13882715
13882730
13882749
13883119
13883192
13883220
13883241
13883356
13883380
13883429
13883547
13917133
13917795
13973167
14000619
14020703
14020753
14020797
14021064
14021775
14021788
14021816
14021821
14021883
14021902
14021907
14021930
14021940
14022040
14022042
14022122
14051504
14053753
14084470
14084499
14084594
14084797
14084803
14084874
14085070
14085073
14085098
14085210
14085285
14085300
14085328
14085413
14085436
14085584
14085600
14144497
14147245
14147364
14147969
14148170
14148333
14148340
14148366
14148465
14148490
14148496
14148572
14148599
14148604
14148676
14148830
14148838
14148857
14148892
14148892
14148959
14148999
14149061
14209942
14232527
14250397
14250479
14250527
14251066
14251153
14251171
14251242
14251253
14251297
14251379
14251401
14251404
14251474
14251561
14251623
14251625
14251673
14251738
14251927
14252024
14274028
14274245
14274348
14298850
14315483
14349992
14460258
14461947
14462109
14462135
14462279
14462387
14462610
14462728
14462872
14462935
14462981
14463023
14463087
14463116
14463129
14463201
14463292
14463309
14546443
14546445
14546456
14546468
14546489
14546829
14546851
14546875
14546926
14547006
14547031
14547071
14547099
14547216
14547222
14547237
14547239
14591533
14616525
14627714
14629740
14629776
14629779
14629918
14629943
14629954
14630199
14630210
14630294
14630358
14630400
14630401
14630447
14630458
14630460
14630598
14630610
14630622
14678232
14678246
14678297
14678308
14678398
14678413
14678432
14678475
14678579
14678581
14678615
14678681
14678831
14678939
14678960
14679012
14679039
14749496
14749517
14749572
14749615
14749648
14749711
14749712
14749727
14749767
14749803
14749855
14749895
14749903
14749939
14750086
14750090
14750093
14750244
14750248
14873539
14873556
14873571
14873641
14873688
14873688
14873726
14873810
14873833
14873940
14874061
14874082
14874121
14874201
14874262
14874314
14874345
14915605
14916291
14942421
14942737
14942854
14943381
14943397
14943448
14943458
14943573
14943584
14943749
14944079
14944091
