15000000
1365
19760
19762
19778
19808
19930
19943
20022
20032
20405
51456
78502
79043
139730
139806
139906
141067
226516
288024
312187
312228
312259
312487
313390
313846
313943
313953
314000
403498
415469
497155
497572
497614
497750
510780
561051
561204
561349
561611
598588
599696
599737
599740
599806
599995
600058
600065
600136
600306
600595
671055
707021
711425
711679
711920
712405
712410
733046
743598
778029
892191
920189
1011281
1011636
1031240
1031322
1031383
1031392
1031441
1087806
1088068
1088112
1088245
1088321
1088324
1088405
1088480
1088534
1186692
1271736
1271930
1271981
1272131
1272263
1272309
1272496
1272604
1318013
1318034
1318361
1318387
1318542
1461159
1461207
1461310
1461317
1461631
1461749
1461900
1603931
1604714
1604751
1604754
1604962
1647582
1825080
1852578
1852714
1852781
1852813
1852897
1853178
1916896
1916974
1917245
1917295
1918187
1918333
1918391
1918406
1919023
2022943
2022967
2022988
2023077
2023195
2137341
2160845
2180134
2256921
2258642
2258912
2259169
2305878
2306687
2309049
2309245
2309384
2309442
2309448
2309487
2309588
2344219
2344635
2344843
2345042
2345203
2345242
2406993
2407025
2407111
2407251
2534496
2702863
2702935
2702950
2702956
2703097
2703115
2703130
2703161
2777089
2777394
2777444
2777555
2781389
3002536
3039691
3039895
3039913
3040202
3070878
3123025
3169874
3170077
3170165
3170996
3188667
3188881
3189010
3189212
3189430
3189457
3291615
3291639
3291671
3291775
3291809
3372603
3372651
3372825
3372881
3374514
3425811
3437253
3525870
3526116
3526501
3590057
3590125
3590251
3590335
3590419
3636384
3697815
3709183
3780020
3780192
3781065
3781292
3781327
3878596
3878696
3878740
3878828
3878967
3921619
4060200
4060538
4060758
4120701
4120744
4120776
4120880
4120941
4121041
4121086
4121607
4200470
4200701
4200757
4200844
4200872
4200886
4201055
4367963
4368032
4368699
4368821
4368935
4369037
4369109
4384540
4417809
4417839
4417965
4417966
4418159
4418230
4450902
4497932
4498133
4498235
4498422
4499837
4743730
4743767
4743999
4744092
4744870
4984095
4984116
4984131
4984309
5100400
5116833
5173003
5188776
5189117
5189210
5189367
5189564
5211300
5222751
5223184
5223384
5223463
5245044
5245384
5245833
5245859
5277128
5305085
5305928
5307545
5307670
5307739
5307853
5307879
5308002
5308030
5308089
5439633
5440113
5440297
5440334
5538762
5539033
5539050
5539201
5539372
5540290
5540817
5725628
5773605
5773823
5774175
5782009
5788930
5789135
5789200
5789259
5789813
5931692
5965709
6017688
6078698
6078774
6078896
6078909
6132580
6188805
6241928
6308161
6308384
6309042
6350705
6377530
6377667
6377715
6377732
6378099
6448930
6449132
6449152
6449328
6505655
6506387
6506391
6506608
6555716
6555921
6556063
6556123
6556309
6556734
6611634
6612045
6612126
6612447
6644388
6645308
6682085
6682382
6701134
6782353
6782362
6782364
6782372
6782449
6782491
6782523
6782524
6782530
6799659
6885808
6885810
6885857
6885879
6885887
6885901
6885943
6886022
6886038
6886100
6934532
6941597
6941740
6941756
6941966
6990494
6990618
6990743
6990757
6990927
7065860
7152694
7174568
7175272
7306793
7323198
7346426
7392925
7393008
7393299
7393304
7394089
7426476
7541853
7619175
7766198
7814979
7815079
7815081
7815272
7815910
7815989
7978084
7987444
7987544
7988155
8014393
8073440
8157308
8157430
8157445
8157574
8225940
8275450
8342863
8342926
8343067
8343143
8343454
8343590
8376465
8513690
8545787
8546009
8546108
8546122
8546168
8618565
8664800
8685092
8689574
8689653
8689764
8689791
8738466
8762167
8762440
8762518
8762654
8762678
8809049
8809363
8809518
8809568
8809635
8809790
8809830
8809946
8810013
8810179
8860721
9008241
9008818
9019253
9019296
9019371
9019477
9054489
9054823
9054838
9237274
9237920
9238318
9268160
9317501
9317704
9317920
9317952
9318474
9318634
9367852
9403344
9417173
9418456
9418765
9418886
9419186
9419263
9419268
9419327
9419427
9466446
9468971
9469252
9469317
9469362
9469371
9488529
9497397
9497482
9497729
9497895
9521828
9522065
9522211
9522620
9522924
9544955
9545029
9545070
9545259
9802668
9893750
9893788
9894028
9894980
9895419
9922015
9941891
9961054
9975285
9975313
9975626
9975672
9976371
9976575
9976711
9976903
10013161
10013364
10013425
10013448
10090676
10090683
10090720
10090761
10090904
10090945
10134497
10134826
10134887
10135141
10257694
10257719
10257867
10257880
10258036
10258210
10286487
10350175
10351067
10351090
10351245
10442657
10443183
10443349
10443647
10471644
10483894
10631708
10734468
10767095
10811596
10888566
10951771
10986432
10987106
11083149
11118669
11118916
11119030
11119343
11120917
11175407
11231243
11324656
11351608
11409587
11604445
11604477
11604686
11605619
11693463
11742857
11742913
11742934
11743007
11743031
11743099
11743136
11830120
11916058
11955296
11955344
11955406
11955589
11955701
12049122
12067663
12067763
12068447
12068697
12070735
12070743
12070809
12070934
12104207
12185863
12246629
12246729
12246906
12246912
12367724
12393419
12479690
12589228
12832295
12832475
12832543
12832571
12833462
12833668
12833709
12862281
12955586
12971201
12981357
12981369
12981471
12981557
12981565
12981629
12981680
12981729
12981753
12981780
12981865
13017327
13042070
13042905
13043123
13043337
13080529
13080629
13080677
13080846
13130491
13131177
13206182
13265928
13266054
13266093
13266270
13457353
13457438
13457575
13457662
13512359
13734672
13734849
13734915
13749749
13773522
13773764
13774102
13774124
13844211
13861168
13881473
13881492
13881498
13881601
13881658
13881662
13881682
13955775
14121819
14143489
14143803
14143985
14144322
14163494
14198078
14268226
14326104
14336693
14336743
14336793
14336806
14337035
14378550
14392758
14392925
14393074
14393083
14393301
14414461
14483506
14511456
14511612
14511635
14511653
14511778
14511828
14511983
14656376
14716223
14723043
14736894
14736940
14736989
14737098
14737226
14737279
14737438
14909335
14920543
