15000000
4728
26162
29457
101207
101994
103171
103309
103501
103568
103649
103730
103741
103750
103775
103890
103898
103950
103998
137278
146995
147041
147072
147120
147224
147251
147364
147587
147926
148021
148041
148121
148132
148177
148199
148231
148234
148343
148375
148448
177720
186082
186103
186139
186177
186188
186190
186192
186231
186286
186290
186322
186331
186365
186382
186445
186472
186490
186723
187034
330995
332195
332269
332308
332326
332355
332444
332493
332566
332588
332648
332678
332760
332770
332774
332900
332901
332902
332994
333054
417007
417693
419308
419404
419516
419581
419736
419759
419808
419816
419834
419975
419979
419987
420047
474874
520149
520278
520367
520401
520433
520441
520510
520544
520544
520673
520731
520773
520957
520972
520992
521145
521155
521282
521291
583571
583955
585194
585453
585821
585836
585846
585861
585876
585924
585928
585990
586000
586011
586017
586076
586087
586095
586133
586331
615764
652173
699174
757166
759337
759379
759501
759848
759888
759981
759995
760046
760058
760081
760166
777468
818810
832786
1062010
1063390
1063442
1063549
1063599
1063602
1063736
1063737
1063781
1063788
1063875
1063876
1063904
1063943
1064016
1064024
1064096
1064137
1064174
1064222
1098690
1099061
1099235
1099305
1099515
1099633
1099645
1099669
1099698
1099758
1099759
1099771
1099873
1099946
1099959
1100023
1100068
1100158
1100327
1168124
1168126
1168136
1168260
1168302
1168384
1168384
1168419
1168488
1168556
1168595
1168750
1168801
1168802
1168846
1169098
1270539
1271269
1271387
1271574
1272014
1272017
1272099
1272164
1272172
1272209
1272293
1272310
1272326
1272329
1272425
1272440
1272449
1272581
1340690
1340695
1340755
1340987
1341304
1341313
1341474
1341595
1341618
1341627
1341631
1341653
1341735
1341742
1341743
1341853
1341877
1341886
1341974
1342057
1342204
1387050
1491431
1491461
1491486
1491562
1491869
1491959
1491974
1492069
1492109
1492126
1492152
1492165
1492231
1492238
1492284
1492318
1492413
1536122
1536583
1557360
1557815
1557891
1557969
1557991
1558036
1558055
1558191
1558227
1558241
1558365
1558391
1558406
1558425
1558465
1558514
1558635
1558637
1594079
1641073
1681737
1682798
1682905
1683005
1683172
1683216
1683316
1683331
1683369
1683400
1683411
1683432
1683490
1683528
1683555
1683615
1683626
1683694
1683705
1683781
1683829
1683882
1683915
1684025
1704132
1732474
1733768
1733806
1733925
1734040
1734093
1734110
1734244
1734260
1734269
1734331
1734385
1734414
1734430
1734478
1734529
1734557
1734601
1734703
1772989
1813059
1814662
1814674
1814696
1814701
1814727
1814774
1814801
1814808
1814819
1814827
1814927
1814985
1815030
1897334
1897349
1897351
1897472
1897567
1897582
1897715
1897735
1897784
1897817
1897868
1897997
1898025
1998414
1998448
1998503
1998579
1998595
1998715
1998732
1998754
1998757
1998871
1998932
1999027
1999067
1999109
1999201
1999209
1999300
1999309
1999371
1999518
1999518
2035398
2037830
2037857
2037883
2037897
2037966
2037994
2038034
2038055
2038055
2038085
2038166
2038212
2038242
2038278
2038286
2038335
2038430
2195290
2196709
2196754
2196846
2196858
2196877
2196971
2197078
2197091
2197135
2197256
2197278
2197388
2197433
2197465
2197619
2228970
2312282
2312493
2312550
2312682
2312875
2312877
2312908
2312929
2313002
2313013
2313022
2313060
2313113
2313137
2313232
2445627
2490486
2528371
2528371
2528428
2528436
2528456
2528572
2528600
2528636
2528709
2528745
2528775
2528895
2529068
2529931
2590299
2591021
2592014
2592058
2592080
2592100
2592105
2592124
2592231
2592235
2592296
2592335
2592355
2592395
2592479
2592501
2592509
2592623
2592826
2629452
2659675
2665457
2665500
2665516
2665534
2665565
2665623
2665632
2665679
2665691
2665718
2665827
2665831
2665873
2665955
2666002
2666020
2666152
2790519
2867317
2895633
2897249
2897311
2897315
2897348
2897603
2897645
2897682
2897706
2897937
2897944
2897954
2898036
2898067
2898095
2898103
2898103
2898203
2898352
2898585
2971943
2972052
2972171
2972566
2973016
2973089
2973116
2973166
2973189
2973193
2973367
2973393
2973399
2973439
2973459
3021527
3021681
3021694
3021926
3021967
3021976
3022016
3022026
3022109
3022140
3022150
3022157
3022229
3022262
3022458
3022465
3022538
3072418
3072434
3072441
3072485
3072490
3072518
3072550
3072634
3072644
3072686
3072784
3072835
3072884
3072885
3072928
3073153
3117931
3288100
3288120
3288173
3288238
3288266
3288309
3288405
3288606
3288684
3288710
3288853
3288930
3289082
3289088
3289165
3289259
3289299
3289314
3289454
3310982
3342784
3342875
3342891
3342895
3343113
3343186
3343217
3343318
3343426
3343527
3343570
3343913
3343962
3344049
3344052
3344073
3344118
3344196
3344240
3344244
3367695
3368697
3368724
3368890
3368943
3368961
3368962
3368994
3369084
3369085
3369100
3369244
3369257
3369262
3369267
3369496
3369723
3425514
3451219
3484225
3505106
3581502
3598514
3743291
3813856
3814522
3814698
3814716
3815101
3815195
3815227
3815237
3815257
3815273
3815296
3815322
3815357
3815369
3815389
3815517
3815521
3815526
3845646
3845909
3846598
3847443
3847472
3847488
3847492
3847758
3847762
3847890
3848033
3961868
3961891
3962000
3962181
3962317
3962395
3962419
3962449
3962469
3962495
3962527
3962589
3962642
3962666
3962724
3962757
3962972
3963083
3963156
4074731
4074755
4074756
4074833
4074844
4074845
4074857
4074901
4074906
4074983
4075021
4075087
4075120
4075169
4075171
4075315
4075336
4075416
4075428
4075445
4075548
4148585
4148731
4148761
4148893
4149203
4149223
4149228
4149292
4149295
4149356
4149419
4149530
4149614
4149677
4149740
4149744
4149756
4149843
4179889
4249541
4306398
4306405
4306637
4306759
4306778
4306953
4306966
4306986
4307161
4307252
4307275
4307309
4307368
4307408
4307560
4307567
4307839
4330473
4333031
4361569
4466015
4466411
4466778
4467167
4467356
4467357
4467438
4467502
4467545
4467558
4467561
4467638
4467695
4467721
4467762
4467787
4467853
4468155
4487677
4539468
4618616
4655078
4756872
4756976
4757365
4757427
4757557
4757595
4757635
4757751
4757837
4757860
4757889
4757891
4757973
4758015
4758114
4758239
4758329
4758436
4808852
5266408
5349022
5350640
5350794
5351223
5351921
5352125
5352178
5352427
5371424
5372215
5372243
5372279
5372356
5372363
5372391
5372512
5372526
5372530
5372548
5372641
5372661
5372676
5372766
5372800
5372812
5417011
5428944
5476589
5512075
5512464
5512915
5514035
5514070
5514107
5514215
5514263
5514307
5514338
5514357
5514615
5514676
5514700
5514787
5514788
5514789
5514804
5514809
5514956
5514990
5515026
5577827
5609593
5609754
5610482
5610483
5611096
5611118
5611135
5611237
5611247
5611279
5611304
5611353
5611399
5611424
5611612
5682781
5682789
5682814
5682930
5682949
5683091
5683120
5683190
5683270
5683363
5683388
5683474
5683508
5683541
5683629
5683702
5683709
5683715
5683811
5683949
5724275
5774712
5920826
5922688
5922734
5922745
5922762
5922805
5922871
5922913
5922921
5922941
5922988
5923074
5923154
5923215
5923431
5965806
6023515
6023536
6023629
6023649
6023699
6023757
6023772
6023798
6023825
6023854
6023874
6023882
6023925
6023938
6023994
6024002
6024070
6024073
6024098
6024146
6024228
6070414
6071886
6071921
6072035
6072038
6072103
6072132
6072223
6072250
6072257
6072365
6072420
6072437
6072513
6072713
6072954
6072957
6073099
6209553
6209726
6209837
6210029
6210404
6210536
6210539
6210623
6210653
6210661
6210668
6210824
6210830
6210832
6210852
6211014
6256963
6259768
6324354
6338670
6384161
6384367
6384794
6384804
6384974
6384997
6385053
6385090
6385113
6385176
6385218
6385251
6385266
6385293
6385339
6385408
6385432
6385624
6466329
6510367
6522704
6522709
6522753
6522754
6522788
6522848
6522859
6522896
6522912
6522924
6522929
6523029
6523050
6523052
6523070
6523218
6523220
6523475
6553886
6587682
6587856
6587865
6587973
6588433
6588435
6588462
6588463
6588562
6588589
6588596
6588618
6588763
6588775
6588790
6588991
6689376
6689636
6689677
6689883
6689936
6689966
6689975
6689977
6689993
6690050
6690069
6690096
6690136
6690140
6690166
6690257
6690285
6690301
6763291
6887705
6888346
6888497
6888604
6888648
6888680
6888688
6888758
6888799
6888818
6888839
6888885
6888932
6888938
6888954
6889030
6970500
6971558
6971679
6971770
6971778
6971820
6971837
6971910
6971913
6971937
6972020
6972024
6972075
6972175
6972201
6972418
6972426
6972455
6972463
6972636
7100979
7101047
7101239
7101601
7101930
7101984
7102027
7102056
7102084
7102097
7102111
7102221
7102253
7102253
7102311
7102413
7102420
7102441
7181869
7182171
7182194
7182611
7182719
7182729
7182731
7182737
7182811
7182828
7182829
7182928
7182929
7182962
7182968
7183119
7183131
7183180
7221510
7221702
7222018
7222259
7222272
7222273
7222370
7222437
7222486
7222542
7222638
7222642
7222754
7222765
7222782
7222938
7222999
7223008
7223019
7223116
7223205
7293989
7360259
7360297
7360366
7360394
7360493
7360498
7360527
7360633
7360654
7360659
7360736
7360782
7360835
7360838
7360898
7360961
7361003
7361147
7361230
7498206
7501545
7501611
7501764
7501938
7502166
7502266
7502275
7502410
7502453
7502453
7502462
7502532
7502534
7502597
7502630
7502743
7502752
7502752
7502785
7550367
7551687
7551751
7551787
7551787
7551835
7551917
7551948
7551971
7551987
7552090
7552125
7552149
7552297
7552470
7552522
7552594
7597637
7598062
7598075
7598121
7598275
7598493
7598653
7598818
7598882
7598899
7598917
7598954
7598959
7599069
7599103
7599105
7599134
7599314
7599433
7698555
7698745
7700103
7700131
7700176
7700222
7700243
7700249
7700325
7700368
7700510
7700515
7700547
7744255
7744437
7744536
7744592
7744631
7744909
7745374
7745392
7745507
7745536
7745557
7745725
7745751
7745915
7769909
7776950
7959018
7960338
7960506
7960552
7960561
7960655
7960713
7960807
7960883
7960886
7960983
7961039
7961060
7961072
7961104
8001751
8002107
8002124
8002328
8002453
8002467
8002474
8002499
8002583
8002599
8002606
8002676
8002706
8002751
8002776
8002776
8002877
8002990
8003107
8057855
8127293
8205699
8206827
8206846
8206894
8207734
8207770
8207779
8207905
8207909
8207928
8207956
8208111
8208114
8208150
8208164
8276564
8276577
8276632
8276636
8276694
8276749
8276761
8276811
8276815
8276910
8276938
8276975
8277025
8277110
8277143
8277168
8277334
8299665
8363338
8364478
8364544
8364572
8364650
8364741
8364808
8364818
8364843
8364844
8364962
8365001
8365016
8365075
8423581
8466495
8483972
8606949
8608626
8608697
8608740
8609387
8609387
8609437
8609561
8609572
8609622
8609677
8609764
8609798
8609845
8609927
8610002
8610015
8680699
8682301
8682521
8682584
8682649
8682680
8682725
8682766
8682791
8682803
8682839
8682881
8682932
8682987
8683006
8683040
8683164
8683174
8683313
8683379
8750642
8798097
8961505
9011733
9011744
9011761
9011764
9011769
9011889
9011890
9011933
9011940
9012357
9012491
9012603
9012648
9012669
9012682
9012709
9067544
9130916
9136588
9137243
9221806
9221869
9221925
9221994
9222324
9222343
9222381
9222420
9222500
9222520
9222520
9222533
9222610
9222633
9222651
9222679
9222752
9222774
9222821
9222852
9274488
9364483
9365672
9365700
9365842
9365905
9366101
9366135
9366192
9366201
9366268
9366321
9366340
9366419
9366451
9366660
9366744
9404340
9504268
9504294
9504302
9504492
9504578
9504603
9504610
9504615
9504708
9504716
9504774
9504780
9504864
9504865
9504879
9504964
9505028
9505041
9505044
9505218
9595067
9611614
9612519
9612651
9613268
9613281
9613482
9613551
9613622
9613651
9613772
9613821
9613833
9613943
9613995
9614259
9649915
9650139
9650140
9650492
9650670
9650697
9650718
9650736
9650811
9650857
9650860
9650865
9650913
9651024
9651024
9651178
9651179
9702915
9763780
9763805
9763809
9763854
9763907
9763909
9763945
9763946
9764041
9764061
9764064
9764114
9764228
9764229
9764269
9764422
9786639
9786656
9786744
9786849
9787004
9787061
9787115
9787344
9787346
9787459
9787514
9787517
9787594
9929109
9929140
9929140
9929197
9929263
9929312
9929430
9929460
9929464
9929465
9929551
9929572
9929581
9929588
9929640
9929712
9929719
9929767
9929772
9929831
9929835
9929955
9974642
10010803
10010807
10010811
10010832
10010881
10010947
10010958
10011023
10011034
10011034
10011051
10011214
10011231
10011239
10011245
10123978
10242689
10254535
10255379
10255453
10255479
10255483
10255483
10255563
10255565
10255576
10255652
10255678
10255690
10255695
10255763
10255903
10255930
10255975
10405017
10406584
10406684
10406951
10406974
10406985
10407062
10407095
10407104
10407111
10407116
10407234
10407236
10407257
10407274
10407476
10407508
10407508
10469857
10469861
10469872
10469895
10469910
10470049
10470072
10470086
10470144
10470215
10470223
10470240
10470426
10470434
10470502
10521999
10545613
10602003
10650993
10650994
10651023
10651049
10651066
10651116
10651192
10651201
10651232
10651244
10651329
10651346
10651394
10651533
10651639
10651830
10651882
10651965
10652097
10697495
10697555
10697562
10697643
10697727
10697767
10697785
10697807
10697839
10697874
10697880
10697923
10697989
10698022
10698061
10698061
10698188
10698213
10736226
10736255
10736282
10736320
10736338
10736341
10736427
10736433
10736476
10736480
10736497
10736552
10736679
10736686
10736704
10736754
10900969
10901007
10901025
10901069
10901104
10901126
10901143
10901151
10901188
10901212
10901230
10901274
10901281
10901312
10901366
10901401
10901409
10901472
10901531
10901594
10901689
10901827
10990674
11136179
11136192
11136223
11136242
11136304
11136351
11136376
11136412
11136472
11136696
11136726
11136735
11224781
11237775
11237776
11237806
11237809
11237854
11237873
11237917
11237921
11237926
11237947
11238075
11238126
11238133
11238196
11238204
11238260
11332644
11332709
11332710
11332715
11332744
11332839
11332844
11332865
11332894
11332926
11332967
11332991
11333034
11333051
11333086
11333143
11333190
11333197
11333276
11375338
11413023
11504781
11504831
11504854
11504875
11504897
11504906
11504929
11504944
11504953
11504980
11505034
11505045
11505046
11505056
11505142
11505203
11505206
11505230
11592366
11592399
11592407
11592421
11592525
11592538
11592546
11592604
11592609
11592658
11592682
11592779
11592807
11592831
11592844
11592977
11593093
11593157
11593218
11593306
11593311
11593376
11729328
11774294
11853258
11853259
11853282
11853334
11853387
11853414
11853418
11853492
11853507
11853543
11853660
11853696
11853761
11853762
11853780
11853884
11853911
11853943
11871794
12038458
12038858
12038999
12039134
12039149
12039164
12039210
12039227
12039285
12039332
12039369
12039403
12039474
12039489
12039543
12039619
12039659
12039858
12078038
12079540
12079873
12079940
12080907
12080998
12081007
12081186
12081230
12081241
12081267
12081377
12081384
12081399
12081475
12081584
12081647
12081671
12099953
12168000
12168047
12168072
12168095
12168156
12168196
12168199
12168279
12168341
12168389
12168394
12168530
12168549
12168699
12168721
12168856
12168858
12168926
12168972
12223302
12224098
12224169
12224230
12224616
12224628
12224633
12224831
12224966
12225164
12225183
12272562
12282051
12282151
12282276
12282303
12282365
12282594
12282632
12282726
12283170
12283174
12283242
12283283
12283289
12283303
12283343
12283482
12283546
12341392
12342962
12343170
12343311
12343396
12343695
12343743
12343758
12343791
12343864
12343872
12343899
12343977
12344036
12344045
12344213
12344255
12384779
12385430
12385492
12385576
12385632
12385686
12385702
12385791
12385793
12385794
12385821
12385835
12385906
12385909
12385921
12385931
12386026
12386094
12386128
12386187
12415914
12442966
12507644
12507850
12507897
12508239
12508462
12508499
12508522
12508523
12508643
12508645
12508645
12508654
12508708
12508754
12508783
12508823
12508835
12508967
12509048
12509090
12557096
12689628
12690151
12690322
12690438
12690442
12690469
12690524
12690581
12690588
12690620
12690672
12690673
12690706
12690777
12690792
12690811
12690838
12690958
12690959
12691025
12781203
12833664
12833858
12834151
12834408
12834640
12834652
12834698
12834725
12834793
12834817
12834862
12834883
12834913
12834918
12835018
12835042
12835147
12835260
12872834
12872853
12872890
12872904
12872914
12873012
12873014
12873026
12873073
12873103
12873147
12873183
12873189
12873193
12873398
12873529
12873584
12873618
12873800
12873800
12873843
12874122
12939872
12939874
12939880
12939909
12939920
12939981
12939985
12939986
12940021
12940092
12940111
12940114
12940116
12940182
12940203
12940279
12940305
12940379
12940394
12940426
12983644
13008914
13055292
13055926
13055966
13056505
13056875
13056916
13056991
13057142
13057188
13057332
13057332
13057441
13057516
13057650
13057745
13057767
13057794
13057835
13109276
13110900
13110929
13111108
13111125
13111141
13111162
13111274
13111297
13111298
13111321
13111494
13111810
13111879
13111915
13112020
13112024
13112069
13112124
13112307
13245867
13433409
13433428
13433471
13433492
13433528
13433587
13433599
13433668
13433697
13433710
13433732
13434355
13464248
13464287
13464408
13464459
13464590
13464596
13464602
13464697
13464706
13464712
13464727
13464766
13464818
13464846
13464859
13464874
13464907
13464975
13465072
13465085
13465111
13465172
13662503
13662616
13662646
13662665
13662691
13662837
13662881
13662922
13662937
13662990
13663013
13663067
13663090
13663097
13663113
13663195
13663214
13663218
13663226
13663331
13663332
13663393
13740600
13740606
13740617
13740640
13740676
13740729
13740738
13740763
13740764
13740851
13740892
13740894
13740915
13740919
13740999
13741007
13741234
13741248
13782682
13782710
13783003
13783093
13783702
13783711
13783746
13783767
13783801
13783809
13783834
13783883
13783947
13783951
13783979
13783979
13784133
13784137
13811586
13811723
13812028
13812120
13812385
13812434
13812522
13812559
13812574
13812618
13812635
13812658
13812725
13812745
13812746
13812783
13812928
13812957
13813062
13848044
13848155
13848225
13848254
13848273
13848288
13848288
13848292
13848362
13848378
13848398
13848421
13848466
13848506
13848598
13848695
13879772
13880088
13880771
13880946
13882273
13882342
13882711
13882921
13883019
13883072
13883140
13883244
13883298
13883345
13883531
13929779
14019594
14020338
14021342
14021507
14021560
14021639
14021656
14021658
14021681
14021804
14021816
14021912
14022120
14022417
14022521
14022532
14084180
14084333
14084618
14084638
14084928
14085039
14085044
14085116
14085122
14085145
14085154
14085253
14085257
14085286
14085297
14085355
14085394
14085430
14085468
14085478
14147598
14147919
14147923
14148012
14148544
14148564
14148567
14148630
14148677
14148682
14148690
14148723
14148743
14148777
14148801
14148819
14148846
14148873
14148882
14149025
14149035
14251005
14251024
14251120
14251146
14251151
14251177
14251244
14251263
14251282
14251285
14251321
14251404
14251437
14251442
14251450
14251542
14251544
14251551
14251610
14251616
14251651
14273187
14315103
14417105
14461851
14461961
14462099
14462287
14462358
14462370
14462468
14462584
14462610
14462628
14462707
14462720
14462783
14462807
14462952
14463341
14463592
14505237
14545232
14546509
14546558
14546637
14546724
14546725
14546726
14546750
14546865
14546876
14546879
14546899
14547016
14547025
14547063
14547093
14626313
14629539
14629676
14629700
14629721
14629960
14629998
14630177
14630329
14630336
14630344
14630392
14630430
14630457
14630461
14630479
14630485
14630609
14630690
14630742
14630952
14669141
14677745
14677946
14677959
14678158
14678208
14678393
14678441
14678453
14678521
14678602
14678691
14678717
14678725
14678728
14678847
14678867
14678906
14679105
14702065
14749229
14749316
14749376
14749422
14749437
14749472
14749501
14749596
14749625
14749733
14749767
14749812
14749900
14750045
14750093
14750160
14750189
14750241
14750422
14809414
14873233
14873250
14873445
14873557
14873658
14873663
14873720
14873859
14873950
14874075
14874101
14874195
14874206
14874230
14874389
14874540
14943258
14943263
14943285
14943381
14943389
14943453
14943479
14943506
14943606
14943613
14943634
14943709
14943774
14943807
14943828
14944045
