15000000
3618
102688
103041
103213
103350
103580
103654
103695
103715
145426
145960
146067
146427
147447
147632
147684
147755
147791
147797
147810
148047
148064
148203
148422
185922
185956
185967
185985
186105
186161
186277
186288
186306
186476
186477
186496
186498
186717
205556
331746
331747
331923
332534
332541
332594
332610
332644
332653
332654
332737
332766
332782
332858
332943
332947
419237
419495
419520
419533
419619
419650
419686
419751
419991
420175
420511
459332
520117
520150
520172
520203
520218
520366
520445
520696
520710
520711
520876
520926
520974
521059
521092
521132
521144
521265
521288
521445
585467
585522
585558
585643
585688
585743
585761
585769
585769
585884
585895
585900
586143
586188
586247
706197
707065
757678
757906
758314
758459
759301
759671
759915
760220
760988
921378
1063150
1063328
1063371
1063423
1063753
1063776
1063845
1063918
1063945
1064025
1064046
1064050
1064209
1099409
1099438
1099492
1099532
1099605
1099763
1099778
1099803
1099927
1099928
1099958
1099967
1100083
1100090
1139047
1167953
1167987
1168051
1168091
1168137
1168270
1168353
1168364
1168501
1168690
1168747
1168911
1168942
1168954
1240179
1271798
1271798
1271859
1271945
1271952
1271953
1271956
1272102
1272452
1272476
1272576
1272606
1272625
1272736
1272919
1320515
1341119
1341125
1341174
1341367
1341402
1341453
1341520
1341572
1341596
1341721
1341734
1341748
1341811
1413751
1425256
1439168
1491205
1491236
1491556
1491819
1491970
1492015
1492068
1492315
1492354
1536593
1557288
1557379
1557567
1558037
1558149
1558189
1558201
1558221
1558274
1558393
1558426
1558508
1636213
1682097
1682708
1683173
1683304
1683311
1683380
1683470
1683474
1683542
1683563
1683565
1683609
1683677
1683694
1683709
1710744
1734053
1734056
1734116
1734166
1734216
1734243
1734526
1734646
1734730
1734772
1734833
1734942
1734981
1813345
1813964
1814558
1814586
1814655
1814813
1814971
1815091
1815397
1833262
1897306
1897314
1897400
1897526
1897573
1897634
1897726
1897775
1897995
1897997
1898099
1898220
1898234
1961665
1973438
1998442
1998623
1998660
1998777
1998818
1998898
1998921
1998948
1999037
1999049
1999156
1999165
1999263
1999415
1999421
1999457
2037627
2037728
2037756
2037807
2037916
2038255
2038306
2038410
2038439
2038454
2038568
2038569
2038616
2190833
2196877
2196974
2196990
2197148
2197148
2197195
2197285
2197303
2197402
2197583
2197732
2312649
2312710
2312802
2312807
2312810
2312832
2312907
2312936
2312980
2313080
2313125
2313223
2313282
2363166
2490846
2527620
2527629
2528318
2528468
2528478
2528632
2528634
2528637
2529128
2529498
2529565
2529638
2568960
2591327
2591392
2591563
2591574
2591887
2592201
2592227
2592282
2592299
2592327
2592408
2592430
2592442
2592942
2665260
2665273
2665290
2665429
2665432
2665442
2665446
2665607
2665637
2665791
2665862
2665998
2666083
2666099
2666454
2778501
2866547
2897022
2897055
2897138
2897154
2897213
2897806
2897822
2897877
2897922
2897957
2897966
2898004
2898091
2898101
2898267
2898311
2946605
2972712
2972729
2972853
2972962
2972975
2973033
2973049
2973175
2973201
2973213
2973316
2974220
3021832
3021856
3021864
3021969
3021999
3022024
3022068
3022069
3022177
3022185
3022230
3022267
3070144
3070506
3072198
3072259
3072301
3072643
3072659
3072759
3072777
3072948
3073048
3073149
3073242
3073263
3073273
3073282
3096190
3118642
3234374
3263182
3281619
3288126
3288148
3288214
3288328
3288351
3288593
3288658
3288741
3288748
3288812
3288906
3288912
3288941
3288953
3289071
3314481
3340376
3340878
3342502
3342637
3342763
3342832
3343059
3343590
3343625
3343630
3343704
3343721
3343756
3343771
3343871
3343876
3343891
3343911
3368335
3368509
3368567
3368575
3368635
3369009
3369128
3369193
3369216
3369284
3369344
3369387
3369393
3369457
3369605
3491539
3616566
3743689
3805595
3814800
3814803
3814822
3814946
3814987
3815013
3815052
3815344
3815415
3815495
3815500
3815643
3815767
3846836
3846856
3846906
3847024
3847063
3847066
3847138
3847297
3900186
3961543
3962225
3962243
3962314
3962396
3962478
3962599
3962620
3962656
3962768
3962800
3962871
4074189
4074244
4074451
4074514
4074974
4074975
4075086
4075098
4075107
4075131
4075199
4075222
4075275
4075286
4075340
4147323
4147615
4147692
4147696
4147873
4149417
4149423
4149565
4149584
4149596
4149688
4149876
4149984
4250357
4306829
4306837
4306919
4306955
4306961
4307046
4307124
4307127
4307174
4307186
4307243
4307255
4307256
4307261
4307409
4307433
4307449
4346283
4377894
4416099
4466962
4466970
4466988
4467092
4467689
4467731
4467748
4467839
4467872
4467895
4467895
4467924
4737248
4757251
4757274
4757429
4757467
4757556
4757567
4757659
4757881
4757912
4757939
4758028
4758067
4758067
4758230
5037720
5198393
5263723
5320830
5321283
5351355
5351545
5351644
5351693
5351817
5351826
5351845
5352040
5352051
5352675
5371895
5371927
5372060
5372078
5372220
5372375
5372541
5372681
5372779
5372788
5372840
5372868
5449932
5496694
5513618
5513718
5513839
5513855
5513985
5514315
5514327
5514439
5514516
5514523
5514563
5514610
5514643
5514647
5514681
5514736
5514761
5514830
5566199
5610569
5610583
5610641
5610736
5610905
5611173
5611210
5611235
5611576
5611578
5636383
5648657
5682865
5682952
5682963
5683016
5683132
5683145
5683215
5683269
5683294
5683343
5683443
5683443
5683656
5683742
5683746
5718120
5749205
5814945
5921984
5922410
5922623
5922687
5922914
5922940
5923195
5923209
6009614
6023282
6023343
6023411
6023474
6023520
6023615
6023648
6023822
6023908
6023908
6023978
6024016
6024079
6024104
6024123
6071771
6071793
6072003
6072176
6072309
6072478
6072505
6072622
6072683
6072753
6072864
6210178
6210215
6210265
6210369
6210371
6210433
6210471
6210569
6210577
6210595
6210634
6210801
6210823
6265039
6296524
6315972
6384720
6384793
6384818
6384912
6384916
6384965
6384976
6385029
6385041
6385167
6385267
6385325
6419834
6491918
6519659
6521270
6521419
6522586
6522798
6522950
6523071
6523090
6523111
6523165
6523215
6523235
6523260
6523295
6523360
6523492
6587959
6588104
6588182
6588245
6588313
6588355
6588383
6588533
6588579
6588718
6588744
6588883
6588889
6589155
6660633
6661390
6677365
6689403
6689586
6689702
6689758
6689791
6689796
6689800
6689949
6689971
6690023
6690096
6690128
6690621
6735164
6888184
6888284
6888299
6888362
6888460
6888463
6888939
6888940
6888996
6889088
6889094
6889133
6889151
6941630
6971095
6971267
6971830
6971892
6971992
6972014
6972041
6972141
6972206
6972258
6972262
6972277
6972370
6972426
6972431
6972431
6972567
7080070
7101432
7101630
7101702
7101787
7101924
7102031
7102154
7102211
7102273
7102312
7102345
7102446
7102484
7102513
7182170
7182203
7182220
7182417
7182525
7182643
7182762
7182846
7182878
7182910
7182928
7183072
7205928
7222145
7222200
7222223
7222361
7222372
7222373
7222376
7222497
7222543
7222725
7222756
7223082
7223131
7294442
7359740
7359748
7359808
7360054
7360432
7360492
7360547
7360575
7360595
7360622
7360695
7499182
7502042
7502073
7502097
7502122
7502133
7502167
7502245
7502246
7502263
7502271
7502363
7502371
7502474
7502779
7503022
7551622
7551668
7551822
7551837
7551923
7551964
7552084
7552152
7552308
7581927
7597650
7597716
7597786
7598477
7598493
7598516
7598622
7598677
7598717
7598855
7598873
7599034
7599057
7599081
7599217
7599249
7599358
7599449
7620650
7699872
7699909
7699941
7700050
7700054
7700090
7700140
7700476
7700637
7700661
7700887
7744769
7744894
7744975
7744994
7745181
7745187
7745343
7745576
7745607
7745610
7813896
7892677
7960643
7960659
7960661
7960708
7960761
7960814
7960853
7960867
7960871
7961036
7961068
7961103
7961222
7961374
7961541
8002292
8002292
8002300
8002398
8002470
8002472
8002537
8002540
8002607
8002669
8002774
8002982
8003491
8127638
8136620
8152550
8167222
8205739
8206066
8206211
8206496
8207864
8207936
8208016
8208136
8208142
8208353
8262303
8276623
8276644
8276687
8276744
8276879
8276925
8276927
8276974
8277079
8277154
8277236
8277264
8277265
8364381
8364516
8364603
8364641
8364647
8364750
8364818
8393237
8408515
8553270
8553549
8607294
8607524
8609021
8609048
8609319
8609403
8609888
8609955
8609971
8610103
8610171
8610255
8682118
8682153
8682345
8682382
8682837
8682849
8682937
8682979
8683008
8683059
8683081
8683172
8683213
8683264
8706832
8756504
8852433
8917447
8932845
8961902
8970519
9009447
9009549
9010071
9011494
9012041
9012188
9012241
9012405
9012473
9012514
9012645
9012794
9012951
9013384
9033656
9142585
9176023
9205996
9221585
9221732
9221740
9221927
9222357
9222411
9222424
9222435
9222456
9222533
9222572
9222667
9222672
9266417
9365236
9365336
9365361
9365575
9365986
9365998
9366023
9366071
9366144
9366212
9366360
9503575
9503648
9504010
9504238
9504433
9504644
9504659
9504778
9504841
9504843
9504922
9504964
9505113
9505728
9605311
9612913
9613173
9613174
9613186
9613391
9613505
9613707
9613744
9614113
9614113
9650345
9650376
9650382
9650614
9650619
9650619
9650796
9650950
9650989
9651058
9651091
9651307
9745834
9763642
9763653
9763656
9763669
9763866
9764064
9764115
9764289
9764413
9764447
9764547
9764811
9786082
9786263
9786421
9787005
9787031
9787132
9787142
9787236
9787246
9787393
9787617
9787891
9928942
9929284
9929311
9929403
9929419
9929443
9929452
9929454
9929563
9929605
9929645
9929653
9929655
9929687
9929776
9929791
9929854
9929953
9975425
9994052
9994643
10010540
10010644
10010685
10010752
10010785
10010953
10011058
10011145
10011208
10011331
10011377
10243129
10255304
10255351
10255369
10255394
10255479
10255577
10255590
10255722
10255722
10255900
10256165
10339354
10405633
10405786
10405816
10405886
10406788
10406802
10406817
10406903
10406933
10406971
10407015
10407029
10407387
10469317
10469322
10469488
10469530
10470096
10470139
10470214
10470270
10470388
10470401
10470529
10470649
10519139
10557467
10563378
10569488
10602571
10606898
10650599
10650723
10650772
10650843
10651012
10651062
10651196
10651209
10651456
10651457
10651506
10651564
10651580
10651604
10651634
10696427
10696435
10696631
10696966
10697668
10697804
10697837
10698023
10698030
10698063
10698193
10698238
10698451
10736071
10736085
10736086
10736094
10736203
10736237
10736278
10736392
10736780
10737223
10840157
10900978
10901047
10901072
10901114
10901118
10901183
10901236
10901241
10901251
10901259
10901368
10901371
10901375
10901386
10901572
10940939
10972945
11080355
11135864
11135975
11136061
11136118
11136482
11136641
11136682
11136874
11137006
11137216
11137338
11237210
11237455
11237622
11237655
11237692
11237829
11237876
11237919
11238055
11238098
11332522
11332530
11332561
11332588
11332670
11332674
11332685
11332725
11332785
11332887
11332909
11333141
11333301
11333418
11500105
11504648
11504651
11504767
11504773
11504876
11504880
11504961
11505028
11505044
11505169
11505218
11505489
11568659
11592133
11592174
11592361
11592455
11592592
11592641
11592672
11592741
11592855
11592923
11592929
11592931
11593047
11593103
11593188
11593195
11690029
11853001
11853055
11853074
11853123
11853320
11853466
11853609
11853611
11853860
11854025
11854108
11854181
11872101
11878509
11887770
11973995
12016920
12039178
12039199
12039215
12039263
12039302
12039341
12039396
12039401
12039420
12039517
12039527
12039714
12040595
12080676
12080714
12080847
12080926
12081020
12081031
12081164
12081428
12081477
12081622
12081650
12081798
12100584
12162106
12167560
12167572
12167617
12167762
12168036
12168057
12168534
12168631
12168690
12168709
12168711
12168801
12168982
12169096
12195380
12224266
12224283
12224307
12224480
12224607
12224742
12281336
12282410
12282603
12282632
12282785
12282890
12282927
12282978
12283049
12283057
12283065
12283091
12283199
12283258
12343001
12343230
12343277
12343466
12343610
12343717
12343769
12343795
12343858
12343957
12344008
12344156
12344316
12385209
12385525
12385579
12385604
12385670
12385676
12385731
12385752
12385771
12385844
12385884
12385946
12386058
12405341
12508122
12508161
12508228
12508286
12508357
12508413
12508434
12508513
12508641
12508646
12508653
12508785
12508864
12557426
12628153
12678112
12690094
12690124
12690141
12690209
12690430
12690501
12690590
12690709
12690724
12690786
12690879
12690886
12690909
12690957
12691087
12834266
12834285
12834352
12834431
12834599
12834638
12834727
12834810
12834827
12834886
12834903
12835023
12835065
12872473
12872625
12872681
12872842
12872985
12873067
12873115
12873183
12873271
12873311
12873342
12873419
12873489
12873533
12873562
12873607
12873771
12873859
12939544
12939548
12939607
12939707
12939712
12939786
12939833
12939892
12939994
12940018
12940110
12940164
12940173
12940247
12940363
12940388
13001024
13056892
13056914
13056947
13057162
13057185
13057200
13057373
13057562
13057572
13057581
13057680
13057710
13057713
13057810
13110350
13110439
13110702
13110806
13111472
13111564
13111584
13111609
13111668
13111707
13111763
13111877
13111885
13111903
13142372
13143134
13143135
13143565
13265601
13433123
13433243
13433368
13433683
13433699
13433901
13433961
13433990
13434097
13434253
13463848
13463882
13463982
13464487
13464488
13464568
13464578
13464588
13464597
13464666
13464733
13464743
13464746
13464864
13465088
13488232
13606759
13653431
13661474
13661681
13661938
13662704
13662840
13662907
13662908
13662962
13662985
13663038
13663100
13663118
13663138
13663265
13663325
13663355
13663490
13663721
13739038
13739392
13740407
13740527
13740550
13740736
13740853
13740953
13741099
13741469
13741664
13783001
13783311
13783330
13783383
13783586
13783769
13783771
13783887
13783909
13783953
13783962
13784008
13784069
13784167
13810006
13812191
13812280
13812290
13812304
13812405
13812421
13812584
13812718
13812744
13812846
13812900
13813084
13847014
13847953
13847955
13847968
13847973
13848080
13848108
13848131
13848149
13848337
13848812
13848843
13848956
13882065
13882188
13882415
13882620
13882903
13882933
13883060
13883095
13883103
13883173
13883240
14021190
14021368
14021405
14021468
14021695
14021813
14021865
14022112
14022189
14022208
14022224
14022372
14022376
14022410
14022437
14084542
14084562
14084699
14084846
14084946
14085023
14085048
14085132
14085158
14085160
14085333
14085418
14085430
14085451
14085718
14146354
14146698
14146731
14146924
14148337
14148385
14148551
14148581
14148581
14148644
14148653
14148717
14148730
14148738
14148800
14148838
14148884
14173992
14250120
14250197
14250240
14251057
14251147
14251212
14251331
14251345
14251349
14251363
14251492
14251497
14251550
14251862
14273571
14273854
14349711
14362017
14462107
14462229
14462248
14462276
14462556
14462700
14462929
14462980
14463090
14463097
14463120
14463134
14463270
14463272
14508329
14546303
14546320
14546328
14546454
14546585
14546662
14546888
14547064
14547086
14547188
14547333
14547366
14547482
14626871
14629539
14629578
14629850
14630129
14630172
14630293
14630305
14630322
14630394
14630463
14630469
14630494
14666171
14677668
14677993
14678069
14678200
14678332
14678597
14678669
14678731
14678745
14678836
14678849
14678900
14679025
14748415
14749125
14749125
14749483
14749556
14749767
14749783
14749820
14749935
14749940
14749944
14750039
14750100
14750258
14750338
14873421
14873431
14873588
14873638
14873743
14873939
14874024
14874074
14874140
14874146
14874203
14874329
14874330
14874774
14943077
14943177
14943183
14943211
14943340
14943465
14943541
14943916
14943923
14944011
14944253
14944289
