15000000
945
17350
192769
336122
336596
476314
476326
476420
476585
476613
476705
502660
550702
594650
974306
974389
974588
974755
974831
1001633
1025079
1068934
1123361
1163557
1192212
1242335
1266933
1267003
1267245
1267347
1286610
1594582
1627632
1681828
1728743
1764423
1785937
1786554
1922741
2120694
2120989
2121058
2121119
2121287
2184591
2184635
2185098
2185158
2185185
2251733
2440259
2440292
2440589
2486765
2587089
2587368
2587869
2762394
2762822
2762969
2763059
2763413
2763652
2819818
2865930
2948938
3026641
3028797
3028974
3029015
3029106
3029235
3286782
3363448
3422589
3422594
3422634
3422716
3422824
3422840
3422929
3423232
3478818
3518520
3537792
3552985
3553136
3553284
3553606
3766332
3766564
3766587
3766605
3845615
3919800
3919886
3920115
3920182
4065129
4112956
4186942
4187119
4187261
4187312
4187464
4187475
4224509
4241524
4274295
4320077
4367302
4368278
4506212
4639080
4669278
4777481
4777553
4777660
4777712
4777762
4815231
4955365
5126118
5190600
5190643
5190911
5191698
5492247
5532708
5611857
5612364
5735842
5825127
5861130
5861383
5861629
5861650
6025119
6025513
6071065
6071662
6071665
6071855
6071885
6071935
6172980
6251567
6251586
6251687
6251692
6251813
6251880
6252033
6253088
6300339
6487426
6711291
6785528
6955003
6997779
7009711
7045106
7140453
7140518
7140611
7140672
7162756
7177715
7228714
7228937
7228945
7229124
7229194
7316749
7373534
7509593
7558600
7558788
7559317
7649518
7698434
7737844
7792528
7792751
7872676
7910963
7910991
7911272
7911454
7951120
7997630
7997792
7997981
7998026
7998096
8050010
8076191
8076372
8076676
8076800
8095555
8141437
8290925
8340189
8398887
8570384
8728353
8741132
8741148
8741294
8741363
8741445
8742246
8742456
8798297
8842969
8893229
8893231
8893635
8893685
8920971
8967258
9021685
9055999
9113846
9127847
9134239
9194703
9258236
9382658
9431635
9431942
9432083
9432216
9704660
9889097
9890102
9937092
9993710
10079016
10163660
10163761
10163806
10163958
10163982
10164145
10164600
10164965
10218017
10226661
10265605
10283434
10312601
10378147
10378247
10378317
10378631
10551998
10663236
10685982
10805804
10813518
10851747
10873093
10949513
10949594
10949886
10949893
10950092
10950146
10950218
11078573
11115242
11115631
11119160
11183512
11244046
11362871
11454201
11454311
11454645
11483861
11624802
11718221
11762001
11779310
11780800
11781325
11781619
11783040
11897360
11898060
11899509
11899688
11917207
12016679
12017177
12017594
12031113
12031269
12031374
12031399
12031506
12031534
12031683
12071152
12148635
12204591
12228250
12346552
12701298
12702075
12924334
12986822
13074239
13267757
13302299
13302499
13302503
13302711
13415866
13473501
13473788
13473982
13474115
13506578
13634098
13666984
13697746
13733441
13748891
13865035
13911977
14071972
14102876
14125088
14125093
14125259
14125272
14125884
14125988
14156282
14216440
14274468
14368854
14462098
14490404
14490407
14490549
14490616
14490643
14490745
14582916
14627594
14671097
14708770
14713782
14713930
14805818
14931979
