15000000
837
68364
129312
178276
199998
200779
233945
235430
235950
270639
336812
336839
337004
337203
417126
417675
476757
477331
512349
626933
627797
628033
628307
679884
773789
834664
847471
974664
974762
974980
975136
975211
975360
994037
1031125
1089249
1124127
1209483
1236594
1265091
1267914
1268653
1360081
1489818
1628274
1729339
1750573
1883989
1924328
1967314
2119050
2119809
2120361
2120474
2120946
2121067
2184625
2184642
2184743
2184846
2184996
2271368
2388749
2441579
2762672
2763013
2763152
2763154
2763324
2763862
2820612
2833179
2909166
3027093
3027105
3027370
3028062
3029555
3081187
3204361
3317464
3317596
3371293
3421444
3421627
3422091
3422208
3422290
3488971
3554063
3554731
3555097
3637830
3680300
3764191
3765025
3765402
3765451
3765780
3788190
3795726
3829053
3894769
3918606
3918648
3919050
3919352
3919405
3933681
3980087
4187456
4187565
4187591
4187838
4320755
4399786
4470716
4653724
4668042
4721472
4776698
4776731
4776771
4777130
4863134
4923814
4945417
4958924
5191411
5191864
5192398
5220171
5514153
5737184
5788831
5859566
5881104
5901728
5915632
6071877
6072047
6072070
6072219
6072479
6072488
6198368
6251904
6252400
6252621
6253204
6253366
6352602
6419326
6506167
6606629
6661991
6707939
6713702
6829122
6830190
6955616
7139186
7139261
7222217
7229568
7230334
7230504
7251810
7348935
7394275
7418968
7485557
7559553
7563584
7678572
7727169
7790355
7793608
7793777
7794014
7794124
7907665
7998256
7998404
7998437
7998595
8031314
8074930
8108108
8282931
8302200
8361955
8430692
8473405
8603946
8741442
8741650
8741706
8741829
8748469
8784208
8813352
8859232
8894157
8967787
8992187
9052760
9056656
9194642
9195040
9195366
9196134
9356705
9430425
9430442
9430625
9430719
9430747
9466247
9545850
9649786
9666705
9806182
9886003
9923560
9956422
9980266
10034273
10048507
10066346
10069108
10069243
10069759
10070225
10163386
10163850
10163914
10164116
10164287
10227040
10227299
10234490
10341783
10366786
10379117
10379233
10379508
10379579
10525148
10549964
10570042
10814249
10945413
10948457
10948863
10949308
10949581
11115934
11117423
11117656
11117821
11133968
11134646
11364337
11452493
11453342
11453378
11453698
11453815
11581223
11779652
11779679
11779683
11779692
11779870
11864064
11898681
11898754
11898792
11898846
11898992
11922727
11923395
11947280
12018512
12018844
12019055
12031173
12031259
12031285
12031318
12031386
12031570
12031726
12367443
12590520
12665437
12729622
12738384
12780353
13070345
13167357
13240312
13300857
13301622
13302870
13312680
13340926
13385037
13417052
13417062
13417233
13417349
13472076
13474465
13605885
13785750
13874750
13894784
14072385
14123863
14123866
14124254
14125972
14160283
14217972
14275538
14289124
14340225
14405509
14418904
14489364
14489421
14489852
14490190
14679386
14706294
14714206
14714233
14799890
