15000000
3432
103130
103403
103462
103498
103504
103601
103624
103840
146732
146834
147002
147148
147452
147640
147658
147705
147816
147900
147902
147939
148020
148071
148134
185700
185807
185960
186067
186104
186254
186292
186391
186392
186493
186684
186691
186750
186826
187057
213879
292649
331784
331970
331991
332115
332550
332563
332599
332605
332619
332670
332703
332738
332746
332875
332922
333122
333225
418537
418790
419109
419623
419639
419835
419994
420018
420093
420352
420573
443532
474064
520178
520182
520256
520335
520347
520748
520750
520775
520860
520885
520909
520918
520943
521045
521080
521083
521084
584906
585178
585506
585706
585714
585724
585775
585821
585892
585917
585926
585944
586175
743330
756429
759361
759445
759645
759719
759890
759917
760019
760222
760290
882123
1062826
1063067
1063263
1063466
1063513
1063749
1063833
1063866
1063908
1063946
1064024
1064037
1064048
1098317
1099372
1099415
1099485
1099545
1099552
1099655
1099752
1099805
1099851
1099897
1100027
1100091
1100149
1164954
1165471
1165644
1167947
1168011
1168217
1168280
1168320
1168358
1168414
1168477
1168613
1168834
1269777
1271749
1271862
1271865
1271882
1271888
1271991
1272214
1272421
1272449
1272470
1272547
1272564
1272700
1272798
1272822
1341180
1341187
1341243
1341301
1341374
1341543
1341564
1341573
1341597
1341612
1341712
1341725
1341817
1491068
1491149
1491253
1491278
1491478
1491926
1492002
1492020
1492033
1492135
1492151
1535876
1555725
1557476
1557894
1558027
1558129
1558163
1558211
1558320
1558380
1558441
1558636
1558777
1642581
1682588
1682978
1683110
1683119
1683137
1683251
1683297
1683325
1683469
1683469
1683519
1683542
1683609
1683698
1683726
1683732
1733966
1734040
1734065
1734082
1734136
1734151
1734198
1734198
1734257
1734322
1734399
1734407
1734821
1734989
1782526
1798448
1811918
1814499
1814507
1814577
1814601
1814695
1814706
1814902
1815323
1815467
1840072
1897044
1897212
1897292
1897402
1897666
1897679
1897762
1897852
1998229
1998331
1998355
1998444
1998798
1998962
1998984
1999013
1999065
1999076
1999152
1999194
1999220
1999260
1999308
1999463
2037607
2037673
2037685
2037715
2037762
2037883
2037904
2037957
2038129
2038406
2038537
2038554
2038731
2196719
2196931
2196980
2196996
2197092
2197165
2197288
2197297
2197372
2220825
2311933
2312629
2312719
2312739
2312759
2312888
2312891
2313130
2313419
2313483
2395362
2528257
2528317
2528355
2528454
2528581
2528609
2529085
2529090
2529198
2529397
2529502
2529519
2529557
2529711
2529755
2591738
2591778
2591852
2592024
2592188
2592201
2592235
2592271
2592304
2592401
2592435
2592439
2630547
2663150
2665125
2665231
2665371
2665373
2665516
2665552
2665582
2665825
2665987
2806389
2829890
2848624
2897107
2897147
2897658
2897732
2897740
2897746
2897772
2897861
2897876
2897995
2898020
2898062
2898094
2898221
2971761
2972746
2972749
2972803
2972944
2972986
2973017
2973128
2973159
2973267
3020651
3021017
3021352
3021823
3021836
3021923
3021933
3021952
3021986
3022126
3022233
3072168
3072173
3072237
3072343
3072468
3072476
3072565
3072787
3072844
3073103
3073158
3073274
3139645
3288104
3288218
3288311
3288449
3288495
3288590
3288665
3288684
3288702
3288807
3288903
3288937
3289047
3289075
3289099
3289109
3289135
3342561
3342653
3342670
3343089
3343294
3343425
3343630
3343736
3343781
3343830
3343834
3343900
3343905
3343913
3343996
3344008
3366840
3368415
3368418
3368534
3368844
3368846
3369177
3369204
3369244
3369278
3369405
3369417
3369507
3369529
3471393
3471684
3813296
3814932
3815026
3815047
3815048
3815055
3815060
3815182
3815249
3815389
3815664
3844457
3845308
3847205
3847244
3847396
3847402
3941025
3962219
3962230
3962231
3962320
3962332
3962420
3962435
3962471
3962626
3962806
3962845
3962938
4074170
4074355
4074442
4074568
4074664
4075017
4075132
4075157
4075180
4075224
4075237
4075294
4075502
4075508
4148804
4148815
4148848
4148944
4149012
4149177
4149242
4149355
4149429
4149531
4149546
4149578
4149606
4149785
4306638
4306893
4306961
4306993
4307047
4307091
4307190
4307239
4307510
4307521
4464638
4467091
4467146
4467185
4467249
4467413
4467542
4467882
4467890
4467982
4468072
4486625
4655729
4756576
4757330
4757368
4757397
4757572
4757619
4757702
4757997
4757999
4758101
4758124
4825382
4965145
5136397
5351450
5351501
5351506
5351687
5351691
5351894
5351996
5352011
5352025
5352593
5370368
5372081
5372121
5372146
5372179
5372238
5372298
5372323
5372635
5372650
5372881
5513840
5513966
5514042
5514097
5514431
5514484
5514492
5514510
5514574
5514576
5514617
5514636
5514655
5514666
5514677
5514724
5514833
5557499
5609165
5610747
5610846
5611035
5611120
5611167
5611225
5611239
5611244
5611441
5611581
5682797
5682853
5682883
5682939
5683049
5683224
5683282
5683339
5683379
5683415
5683485
5683619
5683620
5683628
5683637
5683794
5683841
5708592
5778197
5819572
5922211
5922470
5922511
5922550
5922583
5922634
5922813
5922816
5923466
5994913
6022150
6022629
6023326
6023370
6023523
6023632
6023677
6023722
6023785
6023786
6023798
6023864
6023930
6023994
6024031
6024063
6024103
6071876
6071877
6071983
6071983
6072037
6072099
6072243
6072521
6072592
6072706
6072783
6072957
6178472
6208831
6210327
6210334
6210335
6210394
6210420
6210469
6210516
6210524
6210544
6210629
6250764
6313484
6348514
6382130
6384752
6384811
6384812
6384947
6384994
6385067
6385135
6385202
6385241
6385374
6385418
6413747
6502997
6522546
6522572
6522610
6522627
6522667
6522743
6522777
6522786
6523130
6523152
6523203
6523221
6523260
6523346
6523414
6588269
6588334
6588343
6588354
6588375
6588468
6588487
6588578
6588689
6588801
6588827
6588984
6589113
6688673
6689519
6689682
6689707
6689721
6689740
6689840
6689862
6689907
6689966
6689996
6690066
6858730
6863620
6888316
6888327
6888494
6888495
6888640
6888713
6888781
6889014
6889101
6919796
6971555
6971569
6971610
6971784
6971863
6971963
6972032
6972101
6972119
6972252
6972279
6972316
6972405
6972434
6972444
6972466
7003189
7101698
7101702
7101720
7101720
7101798
7101909
7101936
7102069
7102100
7102216
7102305
7102399
7181239
7182458
7182461
7182475
7182607
7182618
7182644
7182791
7182853
7183017
7183041
7183696
7220959
7221256
7221399
7222141
7222239
7222265
7222398
7222461
7222565
7222567
7222701
7222755
7222917
7222931
7298358
7342033
7359878
7360010
7360056
7360109
7360324
7360338
7360462
7360514
7360536
7360580
7360669
7360701
7360800
7497413
7501046
7501333
7501382
7501628
7502102
7502340
7502349
7502380
7502419
7502523
7502577
7502711
7523803
7551478
7551588
7551636
7551638
7551710
7551877
7551973
7552161
7552237
7552374
7552454
7552483
7597369
7598308
7598442
7598482
7598503
7598706
7598736
7598825
7598832
7598953
7599069
7599090
7599149
7599284
7599292
7599398
7699884
7699939
7699939
7699948
7699959
7700060
7700065
7700082
7700087
7700321
7745000
7745022
7745037
7745046
7745167
7745239
7745384
7745452
7745520
7745579
7769396
7776630
7939654
7959944
7960387
7960398
7960486
7960680
7960688
7960750
7960766
7960928
7961196
7961574
8002171
8002225
8002289
8002307
8002367
8002396
8002453
8002473
8002506
8002570
8002660
8002921
8003028
8207207
8207211
8207299
8207301
8207498
8207727
8207973
8208080
8208475
8276449
8276619
8276637
8276680
8276822
8276846
8277002
8277021
8277065
8277157
8277211
8277218
8277219
8363070
8363224
8364321
8364571
8364636
8364650
8364651
8364708
8364855
8538021
8609183
8609186
8609212
8609311
8609388
8609430
8609528
8609575
8609579
8609698
8609843
8609977
8682096
8682188
8682331
8682490
8682766
8682824
8682887
8682931
8682937
8682958
8682970
8683016
8683034
8683101
8683104
8683132
8683203
8683216
8683234
8793685
8828140
8915275
8975111
9011547
9011562
9011751
9011831
9011935
9012286
9012288
9012330
9012333
9012473
9012483
9012487
9012490
9012643
9136053
9190683
9221523
9221703
9221977
9222225
9222291
9222325
9222347
9222371
9222384
9222421
9222437
9222483
9222533
9222588
9222631
9283357
9314638
9363524
9365915
9365943
9366006
9366007
9366060
9366072
9366135
9366146
9366240
9366283
9366331
9366917
9494763
9504041
9504353
9504442
9504506
9504510
9504520
9504671
9504704
9504714
9504737
9504929
9505244
9505376
9566911
9599322
9613144
9613162
9613222
9613302
9613700
9613845
9613861
9613873
9613996
9648989
9649159
9650468
9650479
9650585
9650685
9650776
9650917
9650950
9651040
9651127
9651205
9651236
9651348
9763441
9763545
9763609
9763610
9763650
9763917
9764535
9764582
9764699
9764810
9786400
9786500
9786674
9786972
9787080
9787143
9787196
9787209
9787264
9787366
9787784
9787974
9817529
9928458
9928878
9928924
9929309
9929401
9929456
9929457
9929473
9929549
9929609
9929645
9929648
9929669
9929744
9929895
9929972
9963895
10008811
10010444
10010495
10010598
10010883
10010909
10011063
10011191
10011303
10011330
10011376
10057929
10254101
10255033
10255120
10255247
10255295
10255336
10255547
10255749
10255795
10255952
10256464
10380020
10406745
10406770
10406804
10406833
10406905
10406939
10406987
10407025
10407117
10407310
10407650
10424389
10448959
10459385
10468135
10469396
10469747
10470091
10470095
10470171
10470264
10470341
10470369
10547217
10648798
10649108
10650473
10650517
10650536
10650776
10651076
10651592
10651592
10651610
10651631
10651722
10651741
10651758
10651879
10651886
10697306
10697365
10697381
10697419
10697456
10697558
10697665
10697688
10697705
10697872
10697932
10698130
10698229
10734597
10734859
10736003
10736078
10736128
10736201
10736202
10736375
10758613
10898892
10900703
10900748
10900772
10900841
10900853
10900927
10900983
10901027
10901213
10901280
10901372
10901386
10901412
10901455
10901570
11041068
11066691
11136007
11136175
11136180
11136275
11136619
11136719
11136773
11136918
11137127
11152828
11236216
11236628
11237565
11237581
11237590
11237690
11237723
11237815
11237910
11332502
11332517
11332564
11332567
11332588
11332696
11332726
11332828
11333415
11333622
11414248
11441670
11504383
11504536
11504551
11504638
11504652
11504664
11504767
11504781
11505103
11505243
11591858
11592147
11592190
11592309
11592405
11592809
11592814
11592860
11592913
11592936
11593058
11593099
11593137
11593150
11772614
11849119
11852861
11852878
11853028
11853043
11853052
11853252
11853711
11853726
11853768
11853806
11853865
11854113
11854482
11854535
11975213
12008859
12038625
12038675
12038798
12038894
12038952
12039063
12039163
12039218
12039303
12039637
12040102
12080788
12080797
12080850
12080990
12081030
12081038
12081041
12081250
12081251
12081283
12081346
12167762
12167808
12167859
12167899
12168021
12168038
12168260
12168471
12168551
12168595
12168611
12168690
12168724
12168751
12168780
12168850
12168864
12168880
12169041
12224122
12224451
12224520
12224613
12224624
12224799
12282044
12282607
12282686
12282720
12282763
12282902
12282942
12282972
12282990
12283039
12283070
12283118
12283198
12283302
12343430
12343453
12343489
12343615
12343615
12343656
12343746
12343992
12344097
12344319
12344383
12344518
12383202
12384911
12385312
12385577
12385677
12385751
12385764
12385781
12385907
12385917
12385932
12426613
12437858
12481210
12507176
12507577
12508212
12508295
12508301
12508338
12508361
12508381
12508551
12508555
12508640
12508862
12508897
12508919
12638653
12684435
12689258
12690080
12690090
12690196
12690238
12690281
12690523
12690631
12690677
12690712
12690831
12690833
12690958
12691054
12740598
12794209
12833425
12834429
12834433
12834469
12834633
12834674
12834777
12834786
12834929
12834936
12835048
12835090
12835105
12872673
12872676
12872771
12872818
12872828
12872883
12873078
12873290
12873331
12873406
12873519
12873557
12873620
12873647
12873700
12936699
12939606
12939621
12939685
12939720
12939727
12939783
12939787
12939824
12939961
12939989
12940201
12940245
12940268
12976229
12984706
12985298
13056909
13056954
13056990
13057022
13057081
13057167
13057224
13057227
13057230
13057494
13057620
13057628
13057642
13057650
13057773
13086532
13096211
13110996
13111040
13111046
13111048
13111140
13111329
13111499
13111554
13111597
13111641
13111643
13111667
13111712
13111829
13111838
13111990
13173517
13218408
13338506
13431363
13433206
13433255
13433267
13433294
13433407
13433988
13434033
13434056
13434150
13434215
13463751
13463906
13464159
13464571
13464586
13464606
13464633
13464691
13464745
13464753
13464795
13464896
13561127
13662535
13662666
13662805
13662833
13662853
13662871
13662963
13662963
13662971
13663031
13663048
13663103
13663109
13663182
13663249
13663373
13740271
13740312
13740318
13740351
13740394
13740462
13740464
13740512
13740576
13740792
13740815
13741443
13741547
13783396
13783418
13783468
13783470
13783542
13783630
13783670
13783770
13783841
13783874
13783941
13784061
13811917
13812122
13812155
13812195
13812235
13812423
13812429
13812455
13812503
13812838
13812863
13812901
13812927
13813040
13813108
13846660
13847273
13847703
13847950
13847966
13847974
13847989
13848108
13849139
13881808
13882020
13882084
13882411
13882558
13882630
13882706
13882799
13882864
13882928
13883150
13883163
13883170
13883365
13986507
14018775
14021270
14021480
14021491
14021537
14021546
14021709
14021767
14022057
14022060
14022225
14022256
14022269
14022455
14022474
14045816
14083820
14084922
14084924
14084931
14084950
14084983
14085044
14085051
14085069
14085160
14085268
14108425
14147116
14148273
14148274
14148299
14148390
14148397
14148589
14148590
14148655
14148685
14148688
14148714
14148760
14148787
14148823
14148851
14149073
14226334
14250951
14250982
14251025
14251051
14251100
14251148
14251200
14251202
14251231
14251371
14251480
14251564
14402233
14461795
14461986
14462288
14462379
14462440
14462648
14462777
14462978
14463017
14463113
14463152
14463169
14463200
14463269
14463275
14463311
14504649
14539265
14546148
14546183
14546329
14546391
14546528
14546544
14546896
14547246
14547369
14629262
14629587
14630022
14630036
14630073
14630102
14630211
14630223
14630260
14630262
14630335
14630335
14630510
14630861
14677742
14678099
14678198
14678268
14678333
14678473
14678525
14678641
14678655
14678674
14678743
14678775
14678788
14678797
14678875
14678991
14679033
14679088
14738658
14749024
14749208
14749387
14749457
14749464
14749647
14749832
14749903
14749940
14749968
14750002
14750064
14750088
14750177
14750503
14859737
14873025
14873442
14873447
14873686
14873947
14873984
14873988
14874057
14874092
14874157
14874180
14874208
14942363
14943131
14943207
14943332
14943409
14943884
14944007
14944029
14944160
14944234
14944383
