15000000
1716
17068
18854
19158
19563
19848
19850
20109
20192
20306
20378
20386
20561
80230
129945
139550
139778
139909
140550
140770
179770
218929
311920
312001
312138
312324
312424
313717
313723
314330
415867
490030
496797
497529
497605
497620
497755
497758
497798
497910
497991
498248
560486
560711
560762
560906
560927
561038
561102
598353
598446
598478
598768
599510
599667
599830
599884
599888
600204
600463
600607
600790
631047
643990
710135
710744
710839
711252
711963
711999
712202
712255
743121
778020
832343
880551
932966
941270
1010758
1010840
1011258
1015093
1030330
1031246
1031264
1031266
1031306
1031358
1031380
1031452
1031461
1031621
1056812
1084945
1085299
1087362
1088050
1088108
1088135
1088150
1088292
1088590
1088612
1124147
1155448
1250716
1271349
1271513
1271583
1271603
1272229
1272861
1317769
1317827
1317898
1317922
1318012
1318166
1318224
1318310
1318561
1318612
1318736
1340023
1351901
1379264
1459518
1461228
1461333
1461355
1461386
1461390
1461471
1461540
1461589
1461669
1603848
1604182
1604516
1604632
1604831
1605445
1663200
1735403
1799285
1850698
1852900
1852956
1853021
1853606
1853685
1853977
1916590
1917520
1917572
1917587
1917633
1917774
1917823
1917848
1917905
1918145
2022730
2022741
2022788
2022882
2022981
2023072
2023369
2023426
2023663
2023957
2087012
2102961
2184333
2256499
2256632
2256916
2257895
2258343
2258372
2305081
2305455
2306052
2306853
2307922
2308676
2308686
2341897
2343667
2343703
2343990
2344236
2344832
2344904
2345021
2345126
2406231
2406297
2406467
2406785
2406961
2406995
2407089
2407173
2407203
2407286
2407480
2445872
2616382
2660746
2701596
2701934
2702356
2702534
2702642
2702734
2702787
2702788
2703252
2703370
2753327
2777709
2778988
2780076
2780310
2780756
2781426
2852888
2963402
3005545
3024481
3039515
3134049
3187986
3188246
3188308
3188445
3188804
3189127
3189311
3189458
3189532
3291120
3291364
3291435
3291452
3291562
3291814
3291932
3292025
3371509
3372393
3372438
3372662
3372729
3372784
3372803
3372914
3373221
3424224
3424459
3425272
3425394
3425586
3425691
3444671
3464330
3489875
3527068
3589303
3589325
3589768
3589957
3590107
3590233
3590259
3590609
3779468
3779568
3779679
3779891
3780060
3780317
3780790
3781472
3838072
3877902
3878019
3878701
3878752
3879457
3879474
3879639
3990448
4058774
4059338
4059451
4059672
4060083
4118686
4120407
4120446
4120550
4120605
4120650
4120785
4120859
4120894
4121262
4121280
4198772
4200707
4200791
4200833
4200948
4200990
4201130
4201625
4265993
4293349
4367496
4367735
4367836
4368659
4368739
4368799
4368804
4368821
4368889
4417461
4417634
4417919
4417999
4418067
4418106
4418109
4418157
4418235
4418239
4418252
4497640
4497741
4498027
4498079
4498317
4499022
4499043
4499174
4524057
4584375
4597445
4709601
4742020
4743515
4743530
4743899
4744099
4851316
4983070
4983081
4983163
4983264
4983803
4984532
5188068
5188915
5189135
5189699
5190149
5212478
5222386
5224499
5224951
5225170
5244208
5244711
5245965
5246143
5246209
5246235
5275361
5305142
5305377
5307004
5307374
5307394
5307716
5307817
5307946
5307965
5307980
5438700
5439253
5439355
5440282
5440428
5440468
5464793
5537502
5538452
5539808
5539862
5539869
5539984
5540058
5540238
5540263
5540418
5540478
5571242
5613707
5663286
5677686
5738480
5768556
5789078
5789141
5789210
5789312
5789323
5789427
5789538
5789574
5789674
5789756
5789761
6035583
6078138
6078500
6078527
6078966
6079145
6079231
6079244
6079255
6079308
6160822
6306212
6307864
6307950
6308090
6308101
6376926
6377280
6377495
6377821
6378525
6448482
6448667
6448687
6448729
6448960
6480363
6504792
6505190
6505271
6505387
6505997
6506070
6506158
6506283
6537747
6554714
6555771
6555822
6555833
6555840
6555958
6556029
6556100
6556142
6556200
6610603
6611890
6611911
6612019
6612078
6612088
6612216
6612314
6612365
6643699
6701915
6758674
6782207
6782256
6782379
6782389
6782673
6782682
6782762
6801219
6885659
6885717
6885719
6885813
6885825
6885856
6885878
6885885
6885947
6885981
6886034
6886086
6886099
6886276
6919041
6940913
6940940
6941375
6941590
6941836
6941860
6941874
6942906
6989479
6989601
6989746
6990052
6990599
6990627
6990633
6990771
7194993
7204770
7391867
7392576
7392652
7393488
7393695
7393765
7393773
7393845
7394022
7394062
7394068
7437868
7562161
7580232
7630733
7788780
7814652
7814690
7814873
7814873
7815151
7815331
7815424
7815745
7815797
7826807
7987110
7987244
7987296
7987334
7987536
8083001
8151065
8156204
8156916
8157223
8157267
8157644
8157772
8157803
8157813
8157942
8158000
8158309
8254158
8342532
8342632
8342883
8342888
8343522
8343580
8343621
8343626
8376055
8420828
8425231
8544762
8545407
8546874
8547031
8547053
8547390
8550151
8688619
8688640
8688696
8689268
8689430
8689464
8689586
8689995
8698521
8706427
8808707
8809493
8809525
8809616
8809650
8809695
8809834
8809951
8810213
8810391
8810403
8810433
8842211
8884082
8911195
9018754
9018985
9019259
9019673
9019786
9019902
9033481
9053819
9055016
9055225
9055368
9090554
9148478
9285091
9316877
9317151
9317435
9317573
9317850
9318144
9318173
9366374
9391996
9418155
9418193
9418279
9418405
9418717
9418901
9418926
9418952
9419039
9419087
9419435
9465460
9468009
9468370
9468764
9468771
9469094
9469174
9469441
9469443
9469486
9488615
9496957
9497097
9497289
9497505
9497579
9497654
9497679
9498523
9521571
9521830
9522018
9522059
9522699
9522716
9522875
9522910
9523061
9544816
9544898
9545070
9545182
9545212
9545340
9545422
9568021
9615773
9735115
9758650
9873783
9893460
9894702
9894783
9894880
9895819
9896056
9949812
9974511
9974518
9974894
9975004
9975750
9975756
9975898
9975915
9976074
9976703
10012640
10013675
10013786
10013827
10013839
10014006
10014046
10014052
10014805
10015037
10050176
10090442
10090464
10090476
10090569
10090577
10090646
10090741
10090985
10091032
10229810
10231086
10254331
10256492
10257702
10257990
10282433
10316869
10331945
10349392
10349654
10349734
10349761
10350609
10350719
10350834
10350943
10415828
10660204
10739471
11056546
11066963
11099777
11116794
11117270
11118365
11119664
11120133
11120593
11120626
11215561
11306195
11320427
11351306
11375868
11541346
11581380
11601484
11604079
11649758
11696165
11739832
11740224
11741436
11742833
11742931
11742976
11743157
11743517
11916712
11952480
11954850
11954940
11955208
11955236
11955397
11955509
11955555
11955654
11955672
11956596
12018636
12059587
12069588
12069810
12069968
12070129
12070394
12070515
12070523
12070544
12070656
12070727
12095369
12170118
12253950
12387032
12655538
12786972
12830804
12832188
12832202
12833063
12833119
12833199
12833301
12868402
12967059
12980432
12981463
12981598
12981629
12981641
12981644
12981666
12981746
12981824
12981920
13041577
13041734
13041799
13041980
13043066
13079268
13079361
13079549
13080150
13080350
13227159
13265132
13265135
13265550
13265882
13265952
13266105
13266109
13266242
13266385
13455726
13457096
13457305
13457629
13457717
13457729
13457744
13457919
13457992
13566372
13734110
13734392
13734677
13734812
13735130
13735331
13735589
13772380
13772790
13772978
13773245
13816437
13851363
13879182
13879729
13880063
13881266
13881472
13881584
13881711
13999078
14052090
14083912
14095619
14121347
14160923
14213585
14335711
14336115
14336137
14336405
14336465
14336487
14336597
14336654
14390470
14392311
14392336
14392795
14393068
14393112
14397065
14510320
14510756
14511004
14511307
14511312
14511489
14511591
14511636
14736277
14736717
14736822
14737221
14737274
14737274
14737295
14737467
14737503
14737800
14839207
14893791
14916682
14917372
14917484
14917498
14919798
