15000000
5236
26044
102019
102041
102219
102331
103401
103407
103433
103520
103572
103615
103643
103719
103747
103767
103854
103893
104160
124700
146446
147087
147331
147376
147391
147451
147513
147538
147585
147614
147616
147657
147675
147689
147738
147753
147772
147796
147798
147854
147973
148040
173805
185175
185444
185612
185822
186038
186099
186195
186231
186234
186281
186381
186462
186462
186555
186566
186621
186624
186707
186807
186807
187582
281412
293389
331457
331622
331794
332068
332248
332294
332315
332372
332482
332884
332888
332981
332984
333018
333068
333081
333176
333228
333369
333396
377786
378211
418921
418943
419125
419308
419333
419494
419739
420138
420138
420224
420238
420255
420260
420400
420589
444189
484793
520466
520492
520539
520586
520590
520622
520631
520640
520687
520689
520705
520748
520752
520774
520793
520852
520852
520878
520913
520994
521007
521029
521125
521134
521157
585127
585217
585300
585349
585474
585487
585649
585677
585721
585761
585771
585803
585832
585877
585934
585939
586114
628140
647693
723611
749587
758620
758632
758668
758774
758818
758995
759010
759674
759691
759925
760101
760337
760546
760582
760620
803073
872777
872936
955936
1063297
1063418
1063457
1063511
1063604
1063619
1063709
1063759
1063760
1063783
1063810
1063883
1064054
1064074
1064255
1064263
1064320
1098805
1099103
1099240
1099312
1099399
1099405
1099504
1099543
1099592
1099619
1099624
1099756
1099790
1099857
1099953
1100003
1100322
1100353
1100393
1133966
1134297
1134571
1135119
1166514
1166571
1166643
1166724
1166783
1167193
1168398
1168404
1168442
1168446
1168446
1168522
1168561
1168592
1168647
1168675
1168676
1168721
1168748
1168801
1168813
1168896
1168942
1271415
1271523
1271625
1271721
1271811
1271862
1272004
1272082
1272126
1272225
1272234
1272242
1272244
1272292
1272398
1272436
1272549
1288957
1304293
1306707
1341073
1341079
1341116
1341280
1341286
1341320
1341322
1341324
1341453
1341453
1341473
1341584
1341600
1341724
1341865
1341894
1341919
1342050
1342080
1342118
1466960
1483399
1491566
1491632
1491642
1491658
1491732
1491742
1491747
1491778
1491802
1491888
1491889
1491899
1492026
1492063
1492074
1557524
1557728
1557755
1557839
1557843
1557899
1557940
1557957
1558080
1558119
1558149
1558298
1558427
1558622
1674532
1682968
1682987
1683020
1683128
1683145
1683153
1683159
1683208
1683258
1683273
1683283
1683335
1683420
1683440
1683569
1683648
1683805
1683953
1684042
1733891
1733973
1734073
1734140
1734239
1734314
1734346
1734413
1734421
1734483
1734490
1734499
1734522
1734583
1734611
1734771
1734794
1790620
1813240
1813838
1814014
1814159
1814442
1814886
1814891
1815078
1815136
1815156
1815305
1815353
1815376
1815574
1897396
1897419
1897428
1897567
1897571
1897584
1897690
1897704
1897726
1897767
1897770
1897829
1897844
1897848
1897867
1897938
1898056
1898071
1953998
1971525
1998765
1998830
1998894
1998926
1998937
1998939
1999013
1999020
1999027
1999037
1999060
1999081
1999090
1999113
1999160
1999165
1999167
1999181
1999223
1999267
1999277
1999306
1999346
1999413
2036758
2036958
2037066
2037082
2037375
2037965
2037973
2038166
2038204
2038212
2038263
2038310
2038325
2038382
2038389
2038400
2038412
2038522
2038535
2038571
2038593
2038799
2038809
2104365
2107805
2139168
2139648
2196860
2196898
2197041
2197071
2197092
2197127
2197144
2197146
2197182
2197227
2197233
2197325
2197327
2197328
2197388
2197392
2296309
2312213
2312277
2312393
2312554
2312580
2312631
2312896
2312921
2312971
2313058
2313150
2313194
2313206
2313357
2420330
2465549
2503440
2528089
2528094
2528202
2528240
2528244
2528294
2528376
2528754
2528774
2528859
2528871
2528927
2528938
2529003
2529037
2529188
2529201
2591729
2591742
2591819
2591829
2591873
2591887
2591903
2591918
2591974
2591997
2592101
2592107
2592142
2592266
2592380
2592523
2592537
2592555
2620135
2647584
2665225
2665358
2665388
2665424
2665556
2665653
2665683
2665695
2665752
2665781
2665809
2665879
2665883
2665900
2665925
2665950
2666020
2666106
2666129
2666145
2688716
2792091
2827040
2827562
2849118
2855980
2897384
2897406
2897476
2897509
2897510
2897514
2897561
2897586
2897617
2897621
2897655
2897739
2897749
2897875
2897885
2897929
2898042
2898069
2898304
2898379
2972523
2972531
2972681
2972751
2972780
2972851
2972880
2972905
2972975
2973006
2973128
2973155
2973217
2973361
2973428
3021344
3021468
3021635
3021682
3021693
3021726
3021801
3021802
3021837
3021845
3021856
3021946
3021957
3022068
3022083
3022105
3022146
3022246
3022329
3057586
3071717
3071826
3072000
3072712
3072727
3072764
3072786
3072790
3072835
3072857
3072858
3072862
3072924
3072925
3072946
3072950
3073008
3073042
3073057
3073103
3073108
3073157
3073269
3073292
3073459
3195290
3201872
3202436
3202676
3287092
3287374
3288462
3288465
3288483
3288492
3288522
3288575
3288585
3288587
3288664
3288684
3288708
3288713
3288755
3288786
3288810
3288813
3288899
3288907
3288930
3288949
3289035
3289058
3289063
3343095
3343146
3343189
3343214
3343224
3343334
3343337
3343347
3343420
3343457
3343458
3343486
3343543
3343550
3343560
3343689
3343719
3343721
3343733
3343843
3343866
3344094
3368880
3368900
3368991
3369022
3369047
3369078
3369091
3369197
3369199
3369211
3369228
3369312
3369330
3369363
3369388
3369414
3369459
3369525
3369529
3369561
3369563
3369850
3426409
3472871
3473547
3671926
3719607
3772679
3772863
3773101
3814594
3814638
3814811
3814862
3814879
3814889
3815013
3815036
3815133
3815183
3815304
3815332
3815426
3842793
3843373
3846677
3846747
3846759
3846873
3846904
3846936
3846951
3847105
3948714
3962061
3962134
3962175
3962273
3962282
3962282
3962405
3962428
3962617
3962717
3962843
3962949
4002745
4003440
4073535
4073831
4074350
4074379
4074747
4074799
4074831
4074939
4074974
4074976
4075058
4075090
4075099
4075150
4075227
4075253
4075298
4075338
4075408
4075422
4075460
4148182
4148258
4148270
4148402
4148619
4148671
4149214
4149238
4149330
4149429
4149543
4149633
4149669
4149697
4150029
4150054
4150142
4169826
4202109
4253062
4306800
4306827
4306842
4306851
4306959
4306995
4307041
4307099
4307109
4307158
4307193
4307209
4307215
4307231
4307242
4307313
4307347
4307354
4307368
4307443
4307536
4307662
4420929
4421655
4466838
4466883
4467005
4467046
4467112
4467210
4467229
4467252
4467285
4467311
4467314
4467439
4467561
4467579
4487145
4506871
4639830
4689548
4714203
4756999
4757321
4757419
4757561
4757566
4757631
4757694
4757698
4757708
4757758
4757791
4757797
4757805
4757822
4757827
4757861
4757965
4795181
4894818
4932735
5010591
5136799
5137166
5168026
5199220
5199438
5218140
5226454
5250205
5250986
5282319
5289987
5348851
5348933
5348962
5349111
5349121
5351545
5351620
5351681
5351720
5351741
5351781
5351885
5351910
5352071
5352084
5352159
5352171
5352209
5352215
5371922
5372072
5372155
5372163
5372198
5372300
5372308
5372370
5372390
5372443
5372470
5372517
5372523
5372543
5372566
5372617
5372660
5372761
5372762
5513727
5513940
5513968
5514066
5514082
5514162
5514162
5514243
5514274
5514346
5514361
5514485
5514594
5514614
5514616
5514839
5514927
5515003
5515027
5535006
5610434
5610461
5610504
5610661
5610702
5610846
5610881
5610949
5610949
5611026
5611047
5611053
5611228
5611328
5611604
5662633
5681343
5681461
5682254
5683123
5683135
5683176
5683221
5683280
5683293
5683304
5683321
5683329
5683388
5683393
5683393
5683406
5683421
5683468
5683494
5683497
5683500
5683546
5683550
5683613
5683638
5683671
5709023
5836307
5922344
5922346
5922357
5922435
5922475
5922476
5922541
5922612
5922734
5922838
5922993
5923192
5923254
5923304
5923350
5923602
6023178
6023366
6023387
6023418
6023487
6023531
6023543
6023587
6023624
6023628
6023716
6023731
6023732
6023747
6023754
6023815
6023847
6023848
6023886
6024005
6024106
6071779
6072112
6072142
6072146
6072241
6072314
6072329
6072343
6072403
6072404
6072425
6072501
6072508
6072516
6072601
6072661
6072703
6072732
6072774
6072815
6072857
6139092
6139469
6163326
6210188
6210211
6210223
6210388
6210445
6210465
6210488
6210502
6210534
6210571
6210602
6210638
6210642
6210657
6210706
6210768
6210776
6210791
6210894
6210904
6245002
6272117
6276354
6314400
6314540
6349139
6384798
6384944
6385062
6385071
6385180
6385184
6385258
6385278
6385352
6385359
6385381
6385470
6385487
6385518
6385577
6422677
6478730
6520350
6522131
6522271
6522891
6522975
6523011
6523028
6523130
6523141
6523170
6523192
6523230
6523273
6523306
6523313
6523342
6523390
6523482
6523562
6523697
6587113
6587457
6587496
6587846
6588307
6588342
6588437
6588481
6588563
6588619
6588630
6588720
6588720
6588757
6588765
6588836
6588898
6589014
6589074
6589174
6620732
6620789
6621221
6636715
6689541
6689625
6689629
6689638
6689681
6689730
6689738
6689757
6689811
6689813
6689816
6689872
6689905
6689916
6689951
6689960
6690005
6690086
6690156
6690235
6732103
6827043
6873582
6886546
6886865
6888240
6888364
6888405
6888561
6888667
6888795
6888825
6888836
6889066
6889301
6916416
6959095
6971841
6971858
6971886
6971911
6971930
6971934
6971986
6971990
6972038
6972045
6972086
6972088
6972090
6972192
6972224
6972228
6972247
6972261
6972286
6972309
6972364
6972368
6972447
6972464
7101553
7101584
7101665
7101719
7101764
7101830
7101870
7101934
7102036
7102069
7102122
7102141
7102287
7102318
7102393
7102461
7102492
7102592
7182253
7182411
7182422
7182456
7182514
7182524
7182561
7182607
7182612
7182632
7182749
7182764
7182777
7182849
7182856
7183023
7183234
7219847
7221984
7222153
7222192
7222308
7222333
7222385
7222411
7222503
7222577
7222594
7222597
7222599
7222684
7222686
7222703
7222719
7222728
7222866
7222867
7222910
7223115
7276906
7327084
7359257
7359617
7359739
7359876
7360099
7360126
7360174
7360183
7360228
7360239
7360259
7360287
7360357
7360628
7360837
7360844
7360923
7360937
7361084
7499620
7499710
7500142
7500336
7501924
7502031
7502468
7502512
7502579
7502591
7502632
7502665
7502690
7502726
7502742
7502779
7502806
7502830
7550907
7551049
7551150
7552008
7552036
7552059
7552073
7552109
7552135
7552148
7552179
7552184
7552233
7552258
7552262
7552291
7552336
7552375
7552486
7583048
7597963
7598036
7598127
7598167
7598289
7598297
7598653
7598698
7598803
7598899
7598925
7598938
7598969
7599051
7599073
7599105
7599116
7599207
7599207
7599268
7599284
7599316
7599368
7599420
7662457
7699474
7699501
7699600
7699771
7700191
7700331
7700400
7700435
7700485
7700546
7700556
7700559
7700642
7700815
7700826
7744718
7744915
7744951
7745067
7745126
7745177
7745224
7745232
7745253
7745277
7745303
7745367
7745379
7745405
7745508
7745573
7745579
7769903
7770139
7770467
7770812
7957565
7957746
7957878
7958087
7958144
7960746
7960893
7960914
7960951
7960965
7961022
7961028
7961054
7961117
7961144
7961185
7961187
7961225
7961418
7961489
7961587
8000944
8002209
8002267
8002320
8002428
8002439
8002476
8002512
8002600
8002638
8002663
8002698
8002731
8002738
8002832
8002842
8002913
8003071
8119143
8128576
8141639
8142374
8206617
8206642
8206801
8206833
8206909
8207032
8207338
8207485
8207556
8207573
8207749
8208169
8208448
8208621
8246067
8275874
8275928
8276014
8276750
8276946
8276950
8277028
8277098
8277102
8277155
8277170
8277222
8277246
8277306
8277419
8277432
8277457
8277461
8277582
8277611
8357968
8364133
8364212
8364231
8364335
8364438
8364448
8364500
8364552
8364678
8364812
8364841
8365061
8365092
8424223
8538701
8538762
8554318
8554358
8554679
8608412
8608497
8608663
8609300
8609315
8609318
8609381
8609387
8609434
8609635
8609713
8609735
8609740
8609846
8609865
8609943
8610246
8681967
8682134
8682170
8682389
8682389
8682484
8682579
8682724
8682774
8682811
8682958
8682975
8682986
8683001
8683093
8683110
8683235
8683243
8683243
8683625
8683720
8722530
8735834
8768294
8790634
8913216
8955242
8955703
8976142
8997341
9010782
9010984
9011130
9012110
9012125
9012193
9012218
9012277
9012281
9012334
9012373
9012386
9012419
9012464
9012486
9012524
9012574
9012626
9012678
9012680
9012747
9012946
9068559
9069101
9137844
9139249
9146345
9154104
9222071
9222087
9222100
9222106
9222118
9222129
9222195
9222247
9222251
9222255
9222286
9222341
9222380
9222417
9222517
9222661
9222696
9222745
9222805
9248638
9284010
9284383
9348956
9349361
9349459
9349701
9365378
9365415
9365631
9365661
9365665
9365742
9365761
9365836
9365843
9365893
9365983
9366038
9366548
9366709
9366765
9411431
9418918
9441798
9461116
9504003
9504030
9504062
9504182
9504185
9504208
9504260
9504350
9504360
9504376
9504376
9504519
9504546
9504548
9504647
9504718
9504727
9504853
9504908
9504981
9505010
9505061
9505179
9567254
9613055
9613143
9613322
9613380
9613458
9613463
9613543
9613544
9613605
9613620
9613677
9613728
9613793
9648736
9649360
9649506
9649606
9649678
9649756
9649831
9650674
9650756
9650963
9651068
9651090
9651190
9651252
9651279
9651299
9651379
9651424
9763179
9763289
9763370
9763395
9763546
9763719
9763765
9763960
9764039
9764198
9764341
9764417
9764740
9765005
9786444
9786572
9786579
9786624
9786658
9786688
9786701
9786765
9786797
9786936
9787263
9787316
9787490
9787551
9787638
9787706
9787707
9787859
9929241
9929299
9929367
9929395
9929406
9929414
9929441
9929462
9929504
9929510
9929558
9929561
9929562
9929656
9929699
9929703
9929711
9929781
9929854
9929874
10009465
10009965
10010136
10010253
10010856
10010886
10011010
10011091
10011189
10011190
10011293
10011506
10011581
10011637
10011645
10011698
10011829
10113726
10161463
10176813
10211397
10254725
10255012
10255015
10255083
10255234
10255260
10255301
10255372
10255393
10255561
10255759
10255827
10255931
10256040
10321707
10406077
10406296
10406454
10406472
10406535
10406648
10406954
10407135
10407187
10407217
10407301
10407338
10407408
10407439
10407470
10407871
10468894
10469103
10469203
10469345
10469821
10469848
10469897
10469912
10469917
10469930
10469962
10470072
10470085
10470187
10470259
10470574
10579329
10604445
10604618
10604809
10605629
10649894
10649947
10650143
10650186
10650410
10650965
10651052
10651054
10651095
10651231
10651237
10651351
10651381
10651398
10651507
10651522
10651538
10651546
10697076
10697081
10697170
10697203
10697224
10697264
10697329
10697338
10697340
10697754
10697854
10697858
10697927
10698003
10698098
10698103
10698175
10698310
10732937
10735428
10735440
10735449
10735615
10735757
10735912
10735947
10735968
10736367
10736504
10736566
10736605
10736634
10736808
10831740
10900084
10900335
10900356
10900534
10900643
10900692
10900896
10901117
10901196
10901226
10901283
10901326
10901396
10901533
10901533
10901548
10901555
10901599
10901891
10963932
11025179
11136285
11136307
11136337
11136445
11136492
11136499
11136590
11136611
11136637
11136720
11136767
11136770
11136807
11136815
11136887
11136915
11136948
11137117
11137141
11178071
11236874
11236974
11237000
11237157
11237181
11237298
11237366
11237393
11237501
11237516
11237647
11237915
11238052
11238263
11238293
11332441
11332525
11332536
11332558
11332688
11332779
11332904
11332921
11333023
11333031
11333134
11333134
11333160
11333269
11333292
11333302
11333346
11364416
11373921
11374241
11504361
11504404
11504470
11504522
11504570
11504667
11504674
11504677
11504871
11504880
11504979
11505041
11505128
11505208
11505345
11505373
11591067
11591269
11591320
11592518
11592598
11592642
11592665
11592722
11592829
11592845
11592873
11592879
11592905
11592939
11592961
11593001
11593007
11593013
11593024
11593062
11593140
11593141
11593178
11593249
11626175
11657466
11773007
11773153
11833247
11852464
11852581
11852694
11852838
11853065
11853124
11853351
11853571
11853596
11853696
11853860
11854063
11854114
11854444
11932626
11941497
12009957
12038616
12038759
12038814
12038872
12038898
12038967
12038986
12039083
12039465
12039530
12039621
12039654
12039693
12039764
12039768
12039788
12039798
12039923
12039927
12039936
12078950
12079024
12079135
12079554
12080970
12081024
12081063
12081151
12081163
12081177
12081181
12081263
12081272
12081288
12081367
12081554
12081558
12081651
12147157
12147260
12147313
12166253
12166363
12166864
12166882
12168214
12168302
12168314
12168322
12168324
12168404
12168405
12168462
12168511
12168512
12168567
12168571
12168639
12168671
12168692
12168719
12168755
12168784
12168809
12168843
12168844
12169024
12209000
12209367
12222027
12224019
12224170
12224194
12224744
12224877
12224891
12224899
12224990
12225034
12225050
12225068
12225194
12225265
12281280
12282183
12282283
12282435
12282559
12282603
12282733
12282793
12282811
12282835
12282887
12282894
12282898
12282966
12283011
12283014
12283025
12283113
12283115
12283128
12283177
12283237
12283423
12327217
12343536
12343567
12343592
12343636
12343677
12343681
12343781
12343808
12343849
12343855
12343869
12343897
12343919
12344015
12344061
12344073
12344161
12344197
12344242
12385022
12385142
12385172
12385249
12385303
12385402
12385426
12385500
12385507
12385604
12385616
12385650
12385744
12385811
12385914
12386156
12386226
12386296
12386451
12386606
12490550
12507934
12508028
12508077
12508122
12508156
12508176
12508177
12508251
12508300
12508432
12508441
12508461
12508515
12508571
12508581
12508762
12649506
12685974
12689608
12689954
12689978
12690103
12690201
12690231
12690277
12690286
12690368
12690397
12690431
12690438
12690497
12690502
12690600
12744282
12778440
12793725
12813677
12834280
12834389
12834418
12834467
12834509
12834533
12834549
12834585
12834587
12834672
12834711
12834862
12834898
12835074
12835279
12835360
12872999
12873020
12873059
12873096
12873153
12873155
12873173
12873212
12873269
12873269
12873302
12873322
12873380
12873402
12873419
12873459
12873475
12873521
12873534
12873550
12873559
12873605
12873616
12939610
12939633
12939652
12939695
12939778
12939778
12939792
12939802
12939863
12939871
12939876
12939905
12939939
12939971
12939990
12940013
12940022
12940060
12940144
12985114
12985976
13055925
13055993
13056199
13056576
13057286
13057293
13057304
13057327
13057341
13057379
13057385
13057400
13057418
13057446
13057446
13057453
13057489
13057496
13057514
13057528
13057576
13057606
13057613
13057641
13057686
13057729
13057749
13111010
13111110
13111129
13111146
13111253
13111273
13111315
13111378
13111449
13111479
13111516
13111541
13111554
13111561
13111607
13111633
13111638
13111705
13111707
13111741
13111775
13111874
13111901
13111965
13162623
13168145
13218768
13245270
13311833
13325974
13409028
13433061
13433115
13433173
13433246
13433257
13433347
13433382
13433429
13433603
13433723
13433758
13433914
13433940
13434000
13434162
13434229
13455292
13463659
13464053
13464068
13464187
13464195
13464197
13464218
13464290
13464304
13464307
13464432
13464438
13464479
13464659
13464950
13465078
13465078
13465222
13465277
13540129
13551869
13552345
13552656
13662672
13662683
13662783
13662788
13662830
13662901
13662903
13662917
13663014
13663017
13663165
13663165
13663189
13663267
13663289
13663307
13663349
13663374
13663393
13663443
13663450
13663518
13663618
13684180
13738921
13740121
13740170
13740175
13740203
13740672
13740806
13740826
13740920
13740963
13740963
13741108
13741133
13741203
13741253
13741270
13781935
13782265
13783366
13783492
13783501
13783526
13783563
13783575
13783599
13783605
13783666
13783685
13783695
13783733
13783770
13783805
13783826
13783843
13783891
13783981
13784019
13784263
13812155
13812156
13812160
13812283
13812304
13812351
13812481
13812492
13812508
13812575
13812627
13812659
13812704
13812721
13812826
13812838
13813068
13813253
13847605
13847679
13847693
13847719
13847827
13847862
13847937
13848039
13848249
13848249
13848423
13848622
13848626
13848688
13848805
13848871
13880873
13881392
13881518
13882216
13882345
13882349
13882364
13882393
13882516
13882567
13882569
13882751
13882811
13882819
13883052
13883420
13883546
13904190
13987984
14019301
14019716
14020907
14020969
14020976
14021108
14021120
14021134
14021887
14021948
14021963
14022011
14022074
14022090
14022090
14022203
14022207
14022216
14022242
14022267
14022362
14083581
14084700
14084858
14084868
14084886
14084946
14084968
14085019
14085119
14085157
14085193
14085265
14085278
14085370
14085375
14085409
14085434
14085566
14147382
14147632
14147641
14147890
14147922
14148167
14148487
14148508
14148519
14148565
14148595
14148595
14148688
14148692
14148817
14148819
14148838
14148937
14148946
14148970
14149015
14149015
14149046
14149113
14149131
14149144
14149160
14149239
14207510
14208105
14227183
14250630
14250654
14250696
14250743
14250765
14250884
14250893
14250904
14250973
14251137
14251414
14251514
14251560
14251566
14251670
14251755
14251775
14251896
14251938
14252056
14273964
14274339
14274635
14289847
14299207
14299439
14300143
14316885
14461624
14461693
14462621
14462711
14462721
14462758
14462798
14462811
14462811
14462899
14462952
14462961
14462979
14463014
14463034
14463097
14463099
14463108
14463280
14463444
14463472
14546008
14546072
14546168
14546233
14546286
14546422
14546579
14546591
14546817
14546870
14546899
14546980
14547000
14547003
14547102
14547175
14547214
14547225
14547332
14547343
14547406
14568522
14613483
14629879
14629879
14630003
14630014
14630035
14630078
14630097
14630195
14630229
14630249
14630267
14630290
14630338
14630344
14630405
14630474
14630522
14630553
14630628
14630646
14630746
14630772
14630779
14630799
14677958
14678129
14678298
14678327
14678346
14678374
14678389
14678450
14678456
14678457
14678465
14678530
14678532
14678544
14678575
14678591
14678665
14678670
14678691
14678693
14678726
14678817
14679003
14728217
14749144
14749353
14749455
14749564
14749593
14749603
14749643
14749738
14749749
14749768
14749811
14749885
14749886
14749927
14750001
14750005
14750019
14750032
14750060
14750182
14750356
14790404
14790691
14829532
14867839
14873654
14873714
14873733
14873790
14873838
14873840
14873842
14873848
14873933
14873942
14873942
14873981
14874014
14874029
14874086
14874086
14874086
14874097
14874192
14874246
14874350
14942819
14943013
14943124
14943235
14943603
14943704
14943711
14943746
14943938
14943966
14944134
14944192
14944442
14944587
