15000000
3571
102782
103285
103366
103380
103404
103456
103578
103957
104083
104183
122855
145198
146046
146393
147411
147468
147534
147630
147663
147714
147735
147736
147801
147850
147899
147902
147902
147919
148090
186077
186118
186120
186166
186249
186252
186266
186392
186462
186476
186481
186492
186592
186655
211265
273344
331628
331928
331978
332166
332272
332412
332518
332531
332548
332629
332738
332755
332915
333049
333341
418422
419228
419333
419545
419704
419791
419920
420139
420189
420233
519233
520131
520475
520596
520623
520630
520696
520719
520725
520836
520868
520898
520913
521025
521034
521039
521066
521140
584926
585348
585448
585508
585517
585662
585692
585699
585777
585933
585985
586011
586037
586239
755881
759303
759437
759455
759608
759989
760070
760201
760266
760285
760344
760403
760439
801678
820473
1063411
1063495
1063557
1063602
1063616
1063664
1063764
1063772
1063780
1063816
1064022
1099412
1099433
1099447
1099450
1099512
1099571
1099612
1099616
1099832
1099873
1099876
1100176
1145164
1166782
1166974
1167149
1167583
1168058
1168424
1168453
1168480
1168529
1168638
1168641
1168732
1168832
1271562
1271575
1271631
1271655
1271709
1271788
1271928
1272249
1272436
1272595
1272669
1272675
1272819
1272934
1341092
1341101
1341108
1341109
1341406
1341450
1341453
1341478
1341683
1341787
1341823
1341923
1341980
1491740
1491752
1491769
1491792
1491795
1491902
1491935
1491942
1492049
1492051
1492333
1554808
1557398
1557849
1557859
1557951
1557969
1558091
1558126
1558132
1558258
1558307
1682817
1682832
1683053
1683099
1683240
1683241
1683283
1683319
1683399
1683509
1683557
1683605
1683671
1683781
1733976
1733994
1734049
1734161
1734170
1734190
1734206
1734462
1734586
1734659
1734696
1734862
1813559
1813807
1813947
1814097
1814932
1815074
1815130
1815168
1815249
1894757
1896017
1896254
1897488
1897581
1897656
1897690
1897703
1897828
1897855
1897886
1898217
1980707
1997843
1998755
1998835
1998874
1998904
1998931
1998972
1999030
1999058
1999064
1999105
1999149
1999210
1999226
1999249
1999312
1999377
2029468
2036576
2036872
2037225
2037301
2038211
2038216
2038296
2038421
2038426
2038513
2038541
2038634
2038730
2038800
2110612
2196827
2196869
2196987
2197047
2197053
2197078
2197206
2197306
2197380
2197566
2248025
2249658
2259556
2311882
2312833
2312842
2312971
2313046
2313109
2313160
2313228
2313333
2313368
2527618
2528033
2528047
2528135
2528624
2528728
2528773
2528877
2528897
2528899
2528938
2529050
2529100
2529202
2591364
2591746
2591772
2591797
2591918
2592111
2592118
2592229
2592240
2592379
2592419
2592499
2592609
2592645
2632663
2664473
2664871
2665060
2665542
2665650
2665655
2665758
2665781
2665805
2665918
2665992
2666181
2666189
2666292
2666429
2790888
2791726
2854598
2897151
2897312
2897454
2897476
2897608
2897650
2897659
2897827
2897836
2897911
2898044
2898253
2944764
2972527
2972577
2972765
2972858
2972877
2972965
2973100
2973158
2973270
2973627
3020334
3021710
3021763
3021775
3021776
3021849
3021946
3022018
3022107
3022176
3022219
3022257
3022533
3047062
3071604
3071672
3071876
3072041
3072632
3072769
3072824
3072846
3072884
3072943
3072991
3072993
3073006
3073029
3073060
3073154
3073176
3073253
3073374
3137023
3210932
3283821
3288427
3288436
3288527
3288548
3288576
3288696
3288708
3288784
3288881
3288889
3288918
3288930
3289006
3289071
3341296
3341785
3343143
3343214
3343251
3343555
3343563
3343592
3343641
3343681
3343693
3343712
3343747
3343896
3344048
3368014
3368204
3368529
3368803
3369019
3369037
3369064
3369100
3369251
3369252
3369318
3369380
3369401
3369499
3369564
3369770
3443097
3470239
3470726
3506417
3608968
3612722
3635301
3696655
3814692
3814707
3814848
3814907
3814908
3814936
3814940
3815040
3815058
3815059
3815195
3815410
3843973
3846490
3846728
3846802
3847005
3847066
3847248
3847256
3847729
3962072
3962094
3962134
3962203
3962205
3962293
3962306
3962323
3962441
3962541
3962693
3989024
4072963
4074855
4074908
4074943
4074993
4075000
4075001
4075043
4075065
4075103
4075121
4075233
4075266
4075296
4075338
4096773
4149006
4149064
4149135
4149281
4149287
4149326
4149349
4149417
4149439
4149444
4149624
4149671
4306841
4306859
4306890
4306942
4307084
4307120
4307128
4307204
4307226
4307304
4307314
4307322
4307356
4307440
4307490
4307660
4391359
4466472
4466912
4466960
4466968
4467011
4467365
4467370
4467413
4467594
4467598
4467739
4467779
4663138
4756174
4756420
4757557
4757608
4757619
4757735
4757737
4757794
4757842
4757861
4757956
4758197
4784342
4815089
4964234
5214143
5280528
5347651
5351148
5351343
5351491
5351540
5351830
5351986
5352054
5352059
5352217
5352279
5352289
5371763
5371834
5371921
5371966
5372450
5372642
5372686
5372732
5372772
5372794
5372956
5373023
5373180
5513714
5513740
5513870
5514195
5514199
5514311
5514385
5514417
5514440
5514539
5514556
5514673
5514925
5607076
5610530
5610605
5610814
5610914
5610956
5610967
5611088
5611271
5611404
5611637
5611670
5681600
5681923
5682014
5682301
5683001
5683258
5683292
5683309
5683388
5683399
5683411
5683416
5683447
5683497
5683538
5683560
5683561
5683586
5683693
5683703
5724439
5837980
5921101
5922029
5922043
5922286
5923016
5923138
5923248
5923267
5923289
5923451
5923462
6023356
6023459
6023494
6023511
6023544
6023588
6023603
6023649
6023659
6023660
6023667
6023752
6023788
6023844
6023875
6071095
6071273
6071575
6071683
6072407
6072509
6072526
6072631
6072710
6072712
6072806
6072840
6072886
6159884
6210093
6210183
6210200
6210258
6210263
6210285
6210406
6210490
6210518
6210651
6210800
6210842
6211032
6250284
6254944
6384929
6384931
6384964
6385037
6385151
6385161
6385251
6385387
6385469
6385579
6385840
6385908
6521992
6522095
6522135
6522289
6522387
6523011
6523074
6523151
6523165
6523194
6523242
6523244
6523365
6523557
6586184
6588242
6588249
6588276
6588300
6588380
6588409
6588509
6588617
6588662
6588678
6588843
6588887
6688207
6689343
6689462
6689501
6689502
6689599
6689714
6689763
6689865
6689866
6690088
6690155
6745348
6783796
6799647
6888009
6888031
6888266
6888418
6888533
6888961
6889206
6889214
6971797
6971856
6971963
6971964
6971966
6971971
6972092
6972099
6972119
6972138
6972144
6972244
6972265
6972277
6972375
7101547
7101552
7101598
7101620
7101692
7101951
7101984
7102204
7102205
7102424
7102479
7142906
7180480
7182128
7182284
7182475
7182486
7182504
7182633
7182842
7182872
7182886
7182964
7183125
7183167
7183248
7183314
7221971
7222234
7222239
7222256
7222389
7222390
7222427
7222503
7222578
7222594
7222758
7222859
7222971
7332910
7359676
7359711
7360066
7360122
7360150
7360357
7360450
7360458
7360657
7360723
7360963
7360970
7361016
7453160
7500060
7500659
7500851
7502085
7502220
7502268
7502373
7502474
7502519
7502580
7502583
7502613
7502706
7502867
7551023
7551252
7551286
7551488
7551925
7552034
7552041
7552143
7552159
7552196
7552255
7575117
7596866
7597648
7598049
7598093
7598745
7598819
7598836
7598844
7598930
7598950
7599000
7599053
7599082
7599115
7599131
7599232
7599445
7659376
7699661
7699697
7699720
7699758
7699877
7700483
7700494
7700639
7700664
7700717
7700848
7700920
7701178
7744750
7744885
7744900
7744988
7745091
7745112
7745239
7745282
7745310
7745576
7920555
7950559
7959275
7959612
7959921
7959975
7961047
7961055
7961091
7961173
7961196
7961501
7961562
7961569
7961803
8002031
8002051
8002171
8002489
8002525
8002540
8002632
8002706
8002707
8002775
8002953
8002962
8051353
8097112
8135024
8205963
8207073
8207104
8207328
8208124
8208252
8208309
8208472
8271486
8275841
8275961
8276146
8276606
8276839
8276974
8276988
8276989
8277125
8277264
8277264
8277325
8364182
8364281
8364300
8364344
8364464
8364531
8364638
8365197
8413966
8504625
8558656
8585304
8609080
8609132
8609202
8609386
8609489
8609641
8609651
8609654
8609807
8610042
8681908
8682023
8682172
8682315
8682536
8682728
8682769
8682788
8682823
8682921
8682965
8682988
8683025
8683233
8683251
8752277
8962961
8972068
9010588
9010814
9011953
9012110
9012150
9012190
9012227
9012229
9012329
9012354
9012491
9012589
9012699
9012751
9012817
9184425
9220955
9221754
9221990
9222090
9222146
9222173
9222207
9222291
9222291
9222459
9222490
9222594
9222607
9282506
9365491
9365666
9365702
9365719
9365795
9365832
9365932
9365955
9366604
9366721
9366884
9502423
9502898
9503469
9504105
9504168
9504369
9504563
9504706
9504862
9504920
9504955
9505010
9505037
9505054
9505056
9505268
9612971
9613168
9613183
9613478
9613643
9613710
9614143
9614211
9648256
9648426
9650213
9650309
9650429
9650526
9650750
9650850
9650982
9650991
9651075
9651122
9651308
9651352
9651448
9651542
9717482
9763431
9763556
9763580
9763643
9764000
9764084
9764223
9764230
9764457
9764640
9785997
9786088
9786488
9786756
9787130
9787282
9787315
9787451
9787578
9787643
9787725
9787765
9882242
9929253
9929284
9929303
9929336
9929353
9929427
9929435
9929438
9929481
9929581
9929581
9929595
9929681
9929756
9929766
9929847
9929931
10010194
10010239
10010288
10010363
10011074
10011103
10011162
10011233
10011244
10011434
10011479
10011488
10144101
10171111
10255081
10255095
10255133
10255190
10255543
10255604
10255632
10255763
10255971
10256049
10256077
10286539
10406369
10406540
10406698
10406870
10406915
10407041
10407359
10407431
10407465
10407772
10407821
10469231
10469721
10469733
10469897
10469947
10469985
10470005
10470017
10470041
10470315
10548551
10602391
10648539
10650917
10650939
10650946
10651117
10651127
10651149
10651181
10651284
10651298
10651328
10651384
10651453
10651560
10651564
10651571
10651615
10671690
10697117
10697133
10697249
10697529
10697952
10697973
10697988
10698030
10698126
10698174
10698197
10698236
10698336
10734015
10735782
10735830
10735976
10736001
10736133
10736376
10736679
10736899
10736911
10757871
10794109
10900420
10900514
10900532
10900616
10900657
10901243
10901255
10901259
10901394
10901397
10901415
10991225
11135108
11136364
11136558
11136567
11136599
11136608
11136723
11136901
11137078
11137263
11235822
11237116
11237336
11237338
11237385
11237707
11237945
11238078
11238256
11238359
11238396
11331894
11332137
11332247
11332411
11332945
11332976
11333169
11333186
11333273
11333297
11333337
11333355
11333800
11363991
11413653
11504034
11504358
11504370
11504464
11504616
11504866
11504885
11505062
11505153
11505233
11505244
11505282
11505433
11505443
11505529
11590926
11591345
11592582
11592602
11592673
11592694
11592767
11592809
11592855
11592892
11592917
11592934
11593029
11593220
11686454
11741957
11795726
11848468
11852853
11852916
11853013
11853523
11853560
11853660
11853663
11853792
11853804
11853835
11853967
11853993
11854093
11854137
11854190
11854197
11976739
12038298
12038337
12038433
12038589
12039036
12039328
12039394
12039510
12039513
12039643
12039654
12039680
12039821
12039850
12039867
12054975
12079062
12080839
12080957
12081026
12081050
12081150
12081151
12081217
12081338
12081515
12081576
12081756
12147276
12147384
12166454
12167004
12167536
12167668
12168401
12168407
12168419
12168441
12168451
12168573
12168592
12168651
12168689
12168741
12168751
12168754
12168885
12168901
12223065
12223731
12223958
12224228
12224444
12224870
12225240
12238719
12280415
12282439
12282548
12282600
12282614
12282766
12282842
12282844
12282854
12282855
12283058
12283069
12283073
12321354
12341973
12343147
12343515
12343730
12343734
12343744
12343818
12343881
12343883
12343991
12344033
12384876
12385011
12385124
12385183
12385420
12385578
12385588
12385717
12385925
12386000
12386220
12386243
12386560
12416101
12416611
12463231
12508112
12508140
12508154
12508211
12508211
12508352
12508357
12508396
12508501
12508660
12508717
12508826
12689963
12690131
12690232
12690279
12690399
12690461
12690479
12690544
12690720
12690785
12690896
12793500
12834275
12834291
12834446
12834563
12834570
12834621
12834664
12834829
12834862
12834962
12835149
12835273
12835416
12872871
12873004
12873070
12873084
12873097
12873163
12873173
12873230
12873252
12873280
12873292
12873334
12873479
12873511
12873553
12873734
12939433
12939469
12939583
12939670
12939692
12939776
12939848
12939886
12939922
12939959
12940081
12940091
12940144
12940267
12940450
12964876
12984070
13032656
13056848
13057034
13057051
13057201
13057239
13057264
13057285
13057389
13057418
13057422
13057433
13057508
13057524
13057533
13057586
13057693
13085874
13109656
13110179
13110490
13110869
13111441
13111481
13111505
13111585
13111604
13111605
13111696
13111697
13111803
13111861
13111905
13111956
13264507
13408408
13431124
13433112
13433121
13433128
13433264
13433814
13433832
13433866
13433947
13434110
13434188
13434635
13463485
13463774
13464011
13464111
13464396
13464512
13464584
13464613
13464759
13464759
13464920
13464941
13465177
13465233
13493461
13662613
13662619
13662652
13662669
13662781
13662794
13662796
13662869
13662919
13663116
13663146
13663246
13663385
13663393
13663397
13663495
13663705
13739799
13739959
13740069
13740141
13740336
13740862
13740865
13741134
13741134
13741180
13741270
13741396
13781220
13781871
13783255
13783292
13783329
13783655
13783670
13783681
13783720
13783849
13783883
13784007
13784011
13812262
13812267
13812272
13812288
13812290
13812475
13812495
13812531
13812645
13812681
13812751
13812769
13812794
13813032
13846882
13847805
13848115
13848401
13848411
13848616
13848651
13848657
13848753
13848904
13881573
13881670
13882496
13882581
13882623
13882681
13882764
13882893
13883317
13883551
13918585
14020874
14020926
14020998
14021074
14021273
14021945
14021953
14021958
14021978
14022025
14022088
14022108
14022136
14022280
14022301
14022307
14053237
14084458
14084515
14084651
14084700
14084854
14084924
14084933
14084933
14085080
14085133
14085327
14085342
14085375
14085459
14085536
14085580
14145092
14147893
14148139
14148155
14148157
14148357
14148419
14148423
14148540
14148568
14148646
14148721
14148837
14148870
14148941
14149041
14149041
14149079
14149250
14250631
14250661
14250675
14250691
14250804
14251067
14251251
14251385
14251473
14251576
14251807
14251838
14276409
14316099
14347689
14460582
14462206
14462318
14462673
14462701
14462772
14462807
14462855
14462981
14463014
14463111
14463158
14463162
14463196
14545339
14545763
14545807
14546004
14546115
14546220
14546858
14546936
14547034
14547095
14547121
14547167
14547216
14547272
14547309
14547352
14590167
14629823
14629898
14629905
14629914
14629931
14630090
14630120
14630441
14630519
14630533
14630555
14630626
14630729
14630796
14630869
14675509
14678055
14678199
14678356
14678388
14678433
14678475
14678539
14678557
14678576
14678669
14678757
14678857
14679027
14679061
14748514
14748631
14749043
14749650
14749746
14749754
14749797
14749905
14749932
14749955
14749975
14750006
14750032
14750037
14750096
14750145
14750165
14790260
14873338
14873657
14873664
14873704
14873844
14873866
14873972
14873973
14874015
14874136
14874197
14874381
14874417
14942072
14942707
14943460
14943673
14943721
14943788
14943929
14943953
14944046
14944308
14944386
14990398
