15000000
4343
47818
103423
103426
103462
103523
103637
103655
103715
103744
103843
103854
103864
103890
104303
145017
146230
146361
146730
147533
147670
147700
147712
147736
147812
147836
147851
147853
147903
147961
147966
148070
148166
185608
185949
185997
186098
186133
186149
186243
186249
186293
186401
186406
186491
186549
186771
187052
331976
332187
332219
332283
332619
332634
332647
332737
332766
332812
332848
332911
332966
333090
333134
401038
418887
419026
419093
419520
419692
419698
419705
419723
419895
419923
419945
420800
520422
520430
520468
520570
520662
520679
520680
520806
520813
520839
520840
520857
520860
520861
520993
521016
521029
521035
521169
521192
521226
521259
521462
584975
585619
585679
585684
585734
585785
585789
585798
585819
585893
585904
585919
585963
586037
586038
586051
586177
663557
705461
706857
706977
707340
758417
758654
758669
758941
759162
759224
759444
759493
776626
930368
956255
1062975
1063216
1063282
1063344
1063493
1063518
1063537
1063602
1063680
1063867
1063984
1063985
1064205
1064217
1099403
1099444
1099456
1099498
1099566
1099593
1099599
1099622
1099722
1099738
1099863
1099963
1136409
1136415
1136622
1136713
1136869
1168222
1168381
1168389
1168412
1168489
1168578
1168588
1168600
1168602
1168702
1168761
1168785
1168806
1168862
1168906
1271800
1271827
1271829
1271917
1271930
1271960
1272014
1272015
1272043
1272107
1272113
1272141
1272148
1272278
1272328
1272449
1272608
1316883
1341302
1341304
1341321
1341347
1341477
1341537
1341553
1341591
1341720
1341746
1341768
1341800
1341876
1341900
1341923
1417692
1465632
1491506
1491748
1491782
1491818
1491824
1491927
1491963
1491998
1492010
1492036
1492061
1492087
1492154
1492164
1492178
1492180
1492427
1523422
1557788
1557859
1557894
1558004
1558043
1558174
1558197
1558230
1558231
1558321
1558606
1558608
1683344
1683428
1683437
1683444
1683489
1683546
1683559
1683565
1683624
1683665
1683673
1683681
1683720
1683808
1683813
1683820
1683829
1734015
1734112
1734221
1734236
1734318
1734372
1734376
1734445
1734476
1734829
1734885
1734887
1734904
1734935
1735040
1735156
1735269
1735290
1813528
1814265
1814544
1814667
1814686
1814709
1814721
1814764
1814827
1814844
1814913
1814995
1815302
1897539
1897586
1897600
1897645
1897661
1897700
1897703
1897721
1897744
1897819
1897826
1897831
1897876
1897887
1897973
1898022
1898112
1898136
1898199
1998888
1998895
1998903
1998953
1999022
1999029
1999038
1999042
1999046
1999146
1999161
1999188
1999204
1999309
1999329
1999334
1999334
1999562
1999576
2028186
2037723
2037748
2037754
2037764
2037895
2037916
2037981
2038111
2038378
2038504
2038596
2038624
2038734
2114033
2191579
2196795
2197053
2197108
2197193
2197246
2197334
2197362
2197385
2197455
2197505
2197531
2197555
2197770
2286170
2312811
2312819
2312846
2312856
2312907
2312937
2312965
2312966
2313035
2313100
2313137
2313250
2313307
2341036
2445855
2484664
2527592
2527801
2527847
2527967
2528013
2528434
2528458
2528567
2528578
2528582
2528633
2528737
2528833
2529931
2566934
2591632
2591749
2591784
2591839
2591948
2592075
2592114
2592214
2592220
2592274
2592345
2592361
2592386
2592438
2592447
2592530
2592544
2665396
2665408
2665459
2665551
2665563
2665573
2665573
2665705
2665712
2665774
2665798
2665986
2666220
2706279
2706940
2707260
2792120
2792508
2793178
2793245
2801411
2895981
2896925
2897060
2897077
2897128
2897177
2897267
2897417
2898023
2898038
2898040
2898066
2898222
2898324
2898403
2972675
2972834
2972850
2972995
2973062
2973107
2973137
2973226
2973261
2973266
2973364
3021584
3021596
3021760
3021809
3021813
3021908
3021953
3021997
3022011
3022034
3022035
3022082
3022156
3022176
3022196
3022221
3022287
3072591
3072638
3072726
3072809
3072829
3072836
3072854
3072891
3072963
3072979
3073009
3073016
3073139
3073146
3073150
3073183
3073323
3073341
3073362
3073387
3073462
3119102
3119417
3120280
3182702
3263858
3287512
3287780
3288212
3288465
3288570
3288746
3288763
3288793
3288899
3288907
3288915
3288923
3288941
3289046
3289061
3289091
3289100
3289156
3315017
3342787
3342810
3342960
3342964
3343011
3343035
3343219
3343221
3343779
3343854
3343879
3343913
3343973
3343985
3343991
3344054
3344071
3344073
3344111
3344198
3368746
3368762
3368770
3368875
3369208
3369252
3369254
3369357
3369358
3369388
3369479
3369488
3369509
3369533
3369551
3369599
3369633
3369641
3369719
3369780
3407533
3446182
3544082
3635798
3670242
3688095
3803307
3814817
3814932
3814961
3814976
3815097
3815107
3815142
3815194
3815204
3815284
3815332
3815354
3815437
3815479
3815968
3840743
3847092
3847125
3847170
3847305
3847330
3847468
3847545
3848576
3962010
3962250
3962333
3962365
3962459
3962543
3962544
3962621
3962783
3962802
3962818
3962868
3963029
3963061
3963104
3963110
3990863
4046165
4068077
4074432
4074454
4074512
4074629
4074654
4074661
4074727
4074837
4075030
4075117
4075198
4075227
4075273
4075282
4075393
4075414
4075434
4075493
4127028
4148058
4148086
4148271
4148299
4148331
4148778
4148795
4149252
4150324
4307047
4307059
4307076
4307114
4307168
4307184
4307202
4307220
4307240
4307302
4307318
4307329
4307344
4307380
4307393
4307397
4307415
4307506
4307524
4307529
4307537
4307544
4307624
4455256
4466948
4467127
4467128
4467170
4467270
4467320
4467391
4467401
4467523
4467676
4467858
4467968
4467995
4517228
4539545
4682065
4757512
4757536
4757553
4757577
4757620
4757671
4757677
4757681
4757686
4757811
4757855
4757859
4757979
4758039
4758048
4758236
4945478
5209413
5264194
5299966
5339385
5339976
5351674
5351703
5351759
5351783
5351808
5351821
5351888
5351914
5351945
5351964
5351984
5351993
5352028
5352105
5352110
5352195
5352224
5372039
5372043
5372121
5372249
5372252
5372283
5372396
5372486
5372496
5372586
5372654
5372788
5372833
5372840
5373008
5373066
5513623
5513643
5513647
5513656
5513880
5513955
5514053
5514518
5514593
5514649
5514747
5514750
5514754
5514786
5514997
5515069
5515085
5579339
5610598
5610742
5610776
5610788
5610929
5611099
5611102
5611165
5611351
5611368
5611429
5611430
5649432
5679585
5683226
5683250
5683271
5683318
5683325
5683367
5683381
5683393
5683394
5683452
5683464
5683464
5683495
5683535
5683557
5683557
5683598
5683636
5683693
5683793
5683800
5843860
5895379
5922759
5922760
5922809
5922934
5922948
5923048
5923127
5923173
5923311
5923563
6006163
6023370
6023422
6023448
6023478
6023524
6023571
6023605
6023625
6023681
6023703
6023749
6023819
6023963
6024018
6024414
6072141
6072176
6072305
6072313
6072396
6072479
6072524
6072554
6072556
6072605
6072622
6072623
6072654
6072697
6072809
6072809
6072817
6072820
6072863
6210332
6210360
6210365
6210488
6210572
6210598
6210615
6210717
6210728
6210728
6210793
6210801
6210834
6210858
6210893
6210895
6211006
6211083
6211151
6316526
6384956
6385073
6385125
6385133
6385204
6385225
6385231
6385233
6385350
6385416
6385433
6385533
6385602
6385644
6430097
6521382
6521576
6521645
6521770
6523147
6523222
6523234
6523278
6523299
6523332
6523363
6523399
6523403
6523458
6523473
6523568
6523573
6523584
6523656
6523682
6588286
6588286
6588297
6588338
6588395
6588428
6588458
6588467
6588564
6588582
6588755
6588979
6589045
6589065
6589244
6617968
6675205
6689706
6689721
6689784
6689813
6689855
6689870
6689905
6689934
6689942
6689943
6689969
6689985
6690030
6690038
6690065
6690089
6690091
6690140
6690197
6690211
6888450
6888487
6888527
6888543
6888632
6888662
6888662
6888850
6889324
6971497
6971537
6971616
6971761
6971799
6971863
6971897
6971970
6972047
6972153
6972155
6972176
6972377
6972388
6972450
6972472
6972547
6972642
6972678
7101639
7101718
7101721
7101754
7101859
7101872
7102011
7102026
7102233
7102368
7102371
7102377
7102395
7102546
7161253
7182381
7182419
7182464
7182477
7182564
7182606
7182610
7182738
7182866
7182910
7182916
7182992
7183108
7183196
7183203
7183659
7207420
7222366
7222398
7222401
7222483
7222536
7222545
7222560
7222636
7222683
7222683
7222698
7222767
7222823
7222851
7222865
7222907
7222913
7222947
7222987
7223040
7223049
7223072
7359754
7359973
7359973
7359978
7360172
7360399
7360410
7360497
7360598
7360605
7360613
7360665
7360708
7360728
7360748
7424425
7485854
7499446
7499744
7500113
7500237
7502267
7502285
7502286
7502312
7502406
7502408
7502412
7502419
7502545
7502569
7502650
7502653
7551686
7551879
7551908
7551936
7552037
7552067
7552094
7552123
7552261
7552270
7552271
7552324
7552431
7552439
7552450
7552539
7552652
7552754
7597763
7597861
7597935
7597989
7598473
7598700
7598715
7598791
7598826
7598842
7598850
7598851
7598999
7599013
7599157
7599325
7631591
7700088
7700139
7700157
7700165
7700258
7700292
7700311
7700314
7700511
7700622
7700658
7700750
7700776
7700786
7700911
7700936
7700945
7745019
7745057
7745075
7745141
7745210
7745249
7745263
7745313
7745353
7745362
7745435
7745492
7745511
7745584
7745675
7790023
7841612
7884152
7908037
7952325
7960847
7960876
7960899
7960958
7960972
7961024
7961058
7961081
7961127
7961175
7961240
7961267
7961268
8002202
8002433
8002469
8002489
8002496
8002583
8002583
8002589
8002609
8002658
8002683
8002699
8002711
8002783
8002796
8002970
8152811
8153063
8153153
8153463
8206421
8206522
8206727
8206860
8207141
8207151
8207183
8207238
8208478
8275481
8275690
8275799
8276144
8276989
8277112
8277113
8277186
8277231
8277306
8277320
8277324
8277346
8277420
8277444
8277445
8277513
8364469
8364559
8364663
8364668
8364709
8364747
8364824
8364831
8364852
8364931
8364931
8365016
8365101
8407295
8472022
8553880
8554389
8554580
8555001
8587889
8607868
8608048
8609230
8609248
8609505
8609534
8609556
8609827
8609880
8609889
8610031
8610038
8610232
8610241
8682052
8682267
8682353
8682473
8682507
8682769
8682777
8682941
8683000
8683019
8683060
8683078
8683093
8683167
8683190
8683200
8683255
8683296
8683318
8683416
8713642
8761703
8796668
8797711
8888949
8962350
8962499
9009857
9010843
9012221
9012255
9012377
9012414
9012502
9012529
9012535
9012540
9012591
9012651
9012666
9012678
9012685
9012834
9013094
9034055
9045177
9142757
9146168
9208088
9208426
9222001
9222022
9222060
9222207
9222377
9222389
9222390
9222414
9222513
9222514
9222514
9222551
9222590
9222597
9222690
9222753
9222843
9306638
9365480
9365502
9365507
9365514
9365659
9366083
9366237
9366272
9366293
9366322
9366380
9366581
9366686
9436596
9503998
9504191
9504283
9504291
9504463
9504474
9504532
9504563
9504619
9504673
9504683
9504797
9504915
9504919
9504964
9505090
9505172
9560583
9599092
9612908
9613096
9613134
9613286
9613395
9613437
9613564
9613591
9613594
9613652
9613776
9613851
9650250
9650292
9650383
9650458
9650487
9650524
9650527
9650588
9650700
9650738
9650770
9650787
9650904
9663935
9763539
9763603
9763643
9763684
9763726
9763819
9763820
9763826
9763829
9763967
9764001
9764154
9786358
9786517
9786568
9786600
9786687
9787196
9787200
9787241
9787337
9787382
9787436
9848230
9906935
9929323
9929406
9929432
9929444
9929452
9929470
9929542
9929567
9929571
9929596
9929604
9929672
9929715
9929717
9929770
9929827
9929832
9929882
10010757
10010877
10010888
10010928
10010988
10011068
10011117
10011122
10011145
10011323
10011333
10011455
10075538
10224861
10243859
10255154
10255258
10255384
10255407
10255438
10255499
10255526
10255537
10255623
10255738
10255739
10255744
10255804
10363536
10405905
10405964
10405975
10405988
10406114
10406204
10406212
10406828
10406978
10407104
10407129
10407190
10407240
10451880
10469540
10469641
10469656
10469734
10469831
10469839
10469931
10470056
10470161
10470440
10470504
10470673
10546285
10563420
10563780
10563812
10563832
10605343
10605364
10605400
10605649
10605732
10650776
10650804
10650872
10650877
10650923
10650927
10650950
10650990
10650995
10651113
10651120
10651123
10651123
10651784
10651874
10651944
10674917
10696711
10696980
10697249
10697258
10697550
10697583
10697664
10697742
10697919
10698016
10698186
10698352
10735945
10736083
10736141
10736191
10736192
10736204
10736296
10736299
10736316
10736367
10736384
10736399
10736697
10776088
10792585
10840179
10840495
10840720
10900265
10900309
10900636
10900709
10901223
10901263
10901278
10901361
10901410
10901454
10901454
10901494
10901502
10901530
10901543
10901545
10901694
10901725
10936060
11062679
11103593
11135551
11136036
11136142
11136248
11136561
11136667
11136737
11136827
11136828
11136905
11137120
11137166
11137419
11237246
11237303
11237479
11237598
11237653
11237694
11237779
11237840
11237843
11237878
11237925
11237985
11238011
11238039
11332661
11332667
11332713
11332770
11332783
11332790
11332795
11332821
11332921
11332924
11332927
11332950
11333104
11333384
11504461
11504761
11504838
11504853
11504919
11504931
11504932
11504940
11505021
11505033
11505046
11505065
11505153
11505196
11505223
11505360
11590980
11592309
11592324
11592357
11592531
11592542
11592611
11592659
11592719
11592855
11592865
11592896
11593004
11593044
11593062
11593106
11593118
11593180
11593221
11593240
11593448
11652251
11814759
11853013
11853177
11853230
11853243
11853315
11853464
11853492
11853536
11853607
11853741
11853780
11853815
11853816
11967002
12021971
12039267
12039303
12039327
12039376
12039376
12039385
12039443
12039473
12039496
12039565
12039582
12039643
12039646
12039896
12060105
12080808
12080861
12080961
12080981
12081039
12081140
12081176
12081188
12081330
12081393
12167854
12167909
12168010
12168078
12168233
12168332
12168471
12168488
12168639
12168654
12168656
12168674
12168763
12168826
12168867
12168868
12168868
12168893
12169033
12169082
12218319
12224552
12224582
12224599
12224699
12224829
12224834
12224906
12225040
12225333
12281549
12281587
12281621
12281711
12281955
12283051
12283063
12283109
12283153
12283187
12283208
12283214
12283232
12283252
12283316
12283352
12283411
12283445
12343558
12343652
12343685
12343726
12343748
12343752
12343806
12343882
12343888
12343916
12343927
12343994
12344023
12384848
12385163
12385351
12385360
12385677
12385764
12385799
12385801
12385829
12385912
12385942
12385981
12385984
12385996
12508265
12508345
12508363
12508398
12508399
12508478
12508498
12508562
12508574
12508583
12508617
12508716
12508727
12508760
12508799
12508880
12690106
12690113
12690221
12690241
12690268
12690329
12690389
12690440
12690492
12690572
12690638
12690696
12690900
12690993
12771182
12834284
12834412
12834429
12834448
12834508
12834577
12834620
12834748
12834765
12834785
12834810
12834960
12834977
12834991
12835019
12835236
12835362
12872769
12872869
12872872
12872923
12872958
12873054
12873070
12873086
12873086
12873091
12873217
12873235
12873553
12873594
12873943
12893208
12939700
12939722
12939787
12939827
12939849
12939850
12939875
12939950
12939967
12939998
12940030
12940030
12940130
12940144
12940147
12940158
12940309
12940360
13001521
13057101
13057222
13057224
13057367
13057388
13057391
13057447
13057473
13057521
13057541
13057543
13057626
13057633
13057670
13057672
13057696
13057738
13057808
13057815
13057817
13057867
13110739
13110963
13110991
13111150
13111543
13111652
13111669
13111675
13111699
13111795
13111806
13111806
13111811
13111898
13111911
13111925
13112017
13112048
13112052
13143418
13143773
13143926
13349490
13408131
13408347
13408536
13408768
13433146
13433171
13433336
13433361
13433589
13433693
13434026
13434055
13434137
13434338
13434505
13463858
13464088
13464167
13464212
13464299
13464429
13464430
13464539
13464604
13464617
13464733
13464739
13464758
13464758
13464927
13464973
13464995
13465173
13557472
13588045
13607277
13607638
13608216
13608450
13658501
13661727
13662042
13662082
13662128
13662896
13663052
13663061
13663075
13663076
13663137
13663188
13663197
13663209
13663375
13663385
13663528
13739333
13739457
13739656
13740639
13740692
13740704
13740782
13740857
13740861
13740866
13740894
13741097
13781637
13783470
13783483
13783515
13783526
13783615
13783695
13783698
13783707
13783801
13783811
13783831
13783918
13783931
13784009
13784093
13784144
13812337
13812360
13812442
13812456
13812502
13812552
13812555
13812580
13812681
13812745
13812770
13812863
13812894
13812934
13813013
13813175
13848035
13848037
13848065
13848086
13848137
13848171
13848190
13848212
13848244
13848261
13848266
13848276
13848361
13848376
13871756
13881714
13881950
13881953
13882241
13882475
13882644
13882646
13882659
13882752
13882774
13882776
13882800
13883074
13883145
13883252
13909816
13947018
13947666
13973353
14020779
14020896
14021050
14021417
14021882
14022032
14022038
14022048
14022085
14022212
14022238
14022280
14022320
14022375
14022412
14022477
14022552
14022568
14022601
14084883
14084920
14084931
14084947
14084999
14085075
14085077
14085078
14085133
14085204
14085211
14085236
14085249
14085336
14085358
14085407
14085906
14147196
14147201
14147546
14147804
14147886
14148509
14148570
14148604
14148647
14148673
14148674
14148747
14148800
14148804
14148882
14148891
14148918
14148982
14149015
14149026
14149062
14149168
14172147
14209478
14250131
14250387
14250397
14250677
14251328
14251336
14251344
14251453
14251475
14251504
14251579
14251749
14273851
14273983
14274115
14274136
14328932
14460215
14460667
14462392
14462426
14462573
14462747
14462800
14463073
14463134
14463145
14463155
14463171
14463219
14463222
14463231
14463245
14463269
14463296
14463325
14463333
14463494
14463525
14546477
14546514
14546590
14546602
14546764
14546816
14546847
14547014
14547078
14547180
14547183
14547205
14547245
14547336
14547407
14547603
14610870
14629964
14630219
14630279
14630292
14630314
14630342
14630386
14630425
14630425
14630445
14630449
14630454
14630531
14630549
14630557
14630569
14630595
14630695
14630766
14678293
14678339
14678369
14678376
14678452
14678474
14678521
14678593
14678608
14678612
14678654
14678657
14678717
14678728
14678761
14678764
14678769
14678865
14678875
14678875
14678947
14726404
14749400
14749640
14749712
14749726
14749737
14749850
14749861
14749871
14749958
14749972
14749976
14750013
14750048
14750083
14750093
14750120
14750207
14819889
14873675
14873775
14873855
14873898
14873976
14873992
14873997
14874023
14874064
14874115
14874148
14874151
14874187
14874199
14874240
14874293
14874300
14874305
14874318
14874372
14874425
14874443
14904542
14943366
14943374
14943425
14943429
14943553
14943607
14943616
14943661
14943824
14943969
14943985
14944208
14980038
