15000000
597
19087
78885
98709
335728
337640
416774
476682
476816
477003
477398
587125
599565
716757
973988
1138292
1235767
1322080
1419619
1501940
1666525
1710247
1768501
1998237
2185714
2185767
2185910
2185954
2245608
2363107
2383565
2440246
2440917
2761941
2763055
2763261
2763334
2763473
2783638
2884136
2904145
3176331
3422359
3422655
3422734
3422799
3459384
3554844
3555025
3555187
3555335
3811269
3830171
3879743
3946315
4009607
4053595
4079995
4181248
4188279
4188567
4188665
4188745
4209107
4287847
4423977
4519903
4564943
4621166
4647402
4704138
4748849
4778041
4778236
4778454
4803053
4848642
4869004
4974858
5084460
5190219
5219605
5385585
5575308
5712907
5847836
5968567
6015999
6072485
6072627
6072883
6086226
6252497
6252712
6252737
6252852
6305162
6328276
6452356
6551922
6585934
6955978
7139936
7140005
7140197
7140315
7140424
7228938
7229163
7229332
7229772
7337755
7394328
7448293
7461654
7540371
7799206
7837481
7999171
7999217
7999451
8157585
8532412
8571248
8587077
8640865
8701323
8740643
8740812
8742141
8973916
9044386
9065191
9134262
9395135
9431177
9431419
9541596
9611237
9635041
9709163
10069880
10069948
10070126
10070216
10070479
10163710
10164067
10164218
10164272
10189712
10235929
10258272
10351405
10379976
10379988
10380181
10380260
10380274
10590603
10692034
10906709
10950269
10950323
10950646
10950749
10970715
10989625
10990584
11215524
11215735
11367057
11417034
11435613
11435902
11454108
11630514
11730697
11751399
11780365
11780516
11780574
11780651
11780778
11899561
11899657
11899828
11899854
11900002
12031032
12031073
12031187
12031242
12049434
12052842
12162555
12172760
12430516
12483321
12585672
12623622
12665164
12821661
12821873
12895277
12950883
13036280
13142443
13242181
13300330
13330952
13390566
13390739
13390951
13391162
13416694
13418647
13473216
13486992
13653737
13705911
13718358
13835250
13979605
14107688
14114421
14125655
14125850
14126010
14126143
14184834
14316256
14340194
14341112
14363810
14364343
14521306
14606936
14646514
14763378
14792063
14806589
14875652
14932331
