15000000
905
17138
19843
19997
20117
32290
117168
138750
139369
139471
139495
172075
244455
310299
311354
313629
313689
313747
313772
313808
314020
428648
497566
497724
497794
497844
497995
560006
560305
560496
560779
562684
562760
597694
597701
597966
599698
600043
600051
600270
711756
712231
820195
919229
976442
1012286
1030941
1031029
1031070
1031678
1053918
1057877
1070013
1085843
1085845
1086070
1086273
1160279
1270569
1272240
1272299
1272421
1272816
1317514
1317782
1317981
1318176
1461934
1462621
1604350
1604412
1604453
1604478
1604489
1649089
1649566
1782522
1852919
1852956
1853057
1853105
1919423
2021401
2023352
2023358
2023609
2125486
2257885
2258775
2258900
2258902
2307390
2307416
2307621
2307656
2309304
2342892
2344447
2344455
2344567
2344661
2406395
2406695
2406741
2406784
2406820
2442006
2527022
2615188
2700625
2700730
2702083
2702144
2703715
2703877
2703963
2704026
2704243
2764421
2780953
2841070
2994055
3047718
3188982
3188993
3188997
3189096
3191059
3224325
3292067
3292378
3292394
3292501
3371790
3372591
3425043
3425417
3426035
3437290
3446380
3585029
3590176
3591987
3697075
3711795
3779897
3779957
3779972
3780062
3781741
3845150
3878543
3878892
3879053
3879278
3930877
3949969
4005772
4057506
4058856
4059043
4059855
4119754
4119812
4120068
4120417
4174233
4174843
4201018
4201091
4201363
4201656
4247560
4368278
4368389
4368920
4369170
4417593
4417695
4417827
4417974
4470634
4498484
4498517
4498568
4498653
4498685
4655679
4711225
4741287
4743413
4745041
4816366
4982613
4983047
4983311
4983700
5190205
5190496
5190814
5224313
5224794
5269636
5306088
5306357
5306374
5306504
5308409
5308446
5361288
5439989
5440227
5440266
5440529
5539418
5539897
5539918
5540001
5625467
5724915
5781842
5789234
5789295
5789295
5789334
5789365
5789416
5789456
5789517
6044292
6058747
6079267
6079294
6079629
6093544
6242633
6268272
6377882
6377938
6418167
6448178
6505477
6505737
6505770
6555623
6556784
6612557
6612998
6692311
6782325
6782340
6782401
6782414
6782633
6885584
6885589
6885622
6885692
6885719
6885746
6885923
6886115
6941425
6941471
6941593
6941702
6990214
6990232
6990556
6990565
7052126
7186975
7261781
7393490
7393652
7393696
7393791
7393991
7674430
7697585
7812882
7813207
7813663
7814232
7815887
7986570
7986917
7987389
7987403
8157484
8157677
8157806
8157995
8158284
8343186
8343256
8343296
8343565
8548288
8548611
8548629
8548735
8676608
8687837
8687914
8688200
8688473
8690002
8690019
8759176
8809938
8809953
8809978
8810073
8810078
8810124
9017859
9019694
9188459
9318139
9319765
9378684
9417354
9418973
9419070
9419122
9468513
9468736
9469494
9469707
9497594
9497632
9497998
9522360
9522384
9522422
9522566
9522573
9544049
9544221
9544391
9544397
9544441
9566724
9595806
9827603
9893836
9894004
9895146
9896239
9975498
9975568
9975610
9975685
9976148
10014101
10014228
10014278
10014676
10089478
10091098
10091225
10091301
10175752
10349429
10349727
10349986
10350009
10381244
10413428
10471680
10510353
10715120
10924515
10955531
11026156
11118355
11120760
11120790
11120872
11189866
11272365
11273926
11423061
11458734
11742996
11743051
11743131
11743194
11743311
11915379
11916128
11952695
11954084
11954365
11954451
12069614
12070081
12070355
12070461
12143158
12384839
12460751
12831555
12831622
12831853
12831956
12982056
12982076
13042346
13042589
13042644
13042712
13042889
13043217
13077175
13079134
13079487
13079677
13124872
13265636
13265661
13265721
13265821
13418585
13457988
13458047
13458055
13458137
13458226
13664011
13735025
13735027
13735059
13764107
13773113
13773277
13773279
13773324
13773639
13773758
13881219
13881661
13881781
13959418
14125494
14335791
14336247
14336276
14336304
14392705
14392765
14392822
14393131
14432315
14447108
14483184
14487785
14511147
14511262
14511581
14511636
14594105
14736866
14737035
14737179
14737228
14754450
14840590
14916740
14917014
14917474
14917653
