15000000
2632
17442
17467
18261
18408
18575
19824
20007
20145
20344
20371
20394
20457
20618
20708
20953
81927
130486
131000
139910
140027
140049
140123
140217
140242
140355
140434
140478
177595
299286
312271
312309
312350
312415
312417
312594
312607
314305
314324
314667
391761
454650
475494
497444
497543
497613
497657
497662
497712
497762
497766
497812
497853
497873
497901
497905
498005
498108
498146
560528
560606
560608
560654
560776
560885
560910
561366
598594
598703
598851
598885
599346
599778
599879
599904
599923
599981
600077
600184
600204
600206
600295
600435
600440
631311
631703
711473
711510
711663
711671
711696
711768
711773
711862
711886
712001
712034
712036
712157
712188
712215
712288
761487
778960
825728
963080
1011514
1011670
1011922
1012416
1030648
1030798
1030907
1030938
1031228
1031329
1031416
1031475
1031475
1031548
1031553
1031611
1031611
1031613
1031711
1031832
1057267
1086233
1086298
1086375
1086576
1086629
1088161
1088201
1088290
1088306
1088406
1088432
1216442
1229410
1271084
1271525
1271579
1271655
1271724
1271764
1271769
1271822
1271946
1272069
1272101
1317720
1317751
1317787
1317790
1317942
1317965
1318056
1318103
1318129
1318138
1318149
1318276
1318303
1318337
1318514
1336892
1461072
1461194
1461212
1461324
1461378
1461456
1461496
1461522
1461530
1461637
1461647
1461737
1461738
1603712
1604058
1604124
1604130
1604131
1604359
1604404
1604410
1604558
1604791
1650453
1682553
1735875
1735898
1736261
1736526
1812667
1852527
1852551
1852597
1852718
1852864
1852900
1853116
1853226
1917605
1917612
1917616
1917638
1917716
1917765
1917790
1917816
1917851
1917922
1917948
1918078
1918080
1918136
2022724
2022860
2022883
2022940
2022983
2023114
2023155
2023172
2023242
2023326
2023336
2023474
2087204
2205543
2256026
2257078
2257126
2257889
2259000
2305366
2305414
2306013
2306038
2306113
2306261
2306323
2306487
2309221
2342572
2342890
2343047
2343090
2343873
2344179
2344717
2344932
2345035
2345054
2345075
2345313
2345579
2405871
2406066
2406110
2406177
2406308
2406647
2406716
2406835
2406974
2406995
2406996
2407216
2407218
2407235
2407371
2407434
2446555
2446949
2615450
2615490
2616008
2701730
2701769
2701784
2701823
2701895
2701998
2702052
2702312
2702477
2703046
2703063
2721389
2777777
2778180
2778309
2778508
2779406
2780579
2781145
2781411
2873227
2911661
2950855
2962920
2963930
3060072
3102815
3156517
3188022
3188161
3188304
3188335
3188691
3188904
3189132
3189139
3189175
3189239
3189305
3189322
3189586
3198382
3290917
3291069
3291450
3291497
3291590
3291644
3291699
3291759
3291767
3291821
3291997
3292051
3292778
3369387
3372095
3372679
3372761
3372817
3372834
3372861
3372895
3372921
3372961
3372962
3373014
3373095
3373120
3373189
3373266
3390594
3424854
3424927
3425040
3425089
3425138
3425186
3425241
3425264
3425299
3425364
3425628
3425723
3464658
3465604
3465682
3465779
3465993
3490969
3541065
3560761
3580137
3589497
3589548
3589582
3589656
3589715
3589788
3589833
3589838
3590475
3590558
3590744
3590788
3590944
3779729
3779821
3779874
3779941
3780047
3780059
3780082
3780208
3780249
3780320
3780354
3838727
3862856
3877816
3877862
3878028
3878076
3878176
3878250
3878307
3878619
3879606
3879896
3893770
3963040
4006175
4039457
4059297
4059302
4059352
4059385
4059468
4059488
4059551
4059639
4059820
4059882
4060041
4119935
4120163
4120187
4120415
4120645
4120674
4120691
4120827
4120835
4120903
4120967
4120999
4121014
4121020
4121122
4121290
4121293
4121378
4200715
4200788
4200848
4200914
4200958
4200964
4200997
4201027
4201052
4201097
4201140
4201152
4201160
4201202
4201346
4245120
4293661
4298225
4361823
4368100
4368154
4368157
4368204
4368265
4368367
4368415
4368835
4368855
4368879
4368924
4368956
4368982
4369013
4369065
4369238
4417849
4417850
4417914
4418014
4418016
4418016
4418031
4418131
4418139
4418149
4418176
4418185
4418254
4418272
4418290
4418323
4418354
4418366
4418475
4418478
4497578
4497855
4497914
4498006
4498047
4498187
4498302
4498641
4498771
4498801
4498856
4498885
4498892
4499016
4499080
4499145
4499264
4528940
4598119
4623117
4742536
4743695
4743738
4743843
4743927
4744020
4744055
4744165
4744306
4744323
4744414
4875331
4899958
4983229
4983256
4983276
4983276
4983333
4983411
4983429
4983461
4983671
4983733
4983793
5061363
5188253
5188919
5189021
5189062
5189136
5189141
5189243
5190226
5202065
5222496
5222519
5222535
5222906
5225420
5244454
5245663
5245698
5245767
5245894
5246233
5246330
5246380
5246402
5246490
5246555
5267003
5305573
5306649
5306665
5306914
5306916
5307479
5307482
5307704
5307809
5307810
5307834
5307889
5308122
5308220
5439265
5439278
5439496
5439709
5440387
5440398
5440622
5440667
5440719
5504227
5537969
5538268
5538674
5538779
5539445
5540012
5540029
5540049
5540052
5540192
5540193
5540235
5540493
5540519
5676175
5739297
5789279
5789355
5789362
5789386
5789434
5789437
5789455
5789485
5789493
5789538
5789541
5789598
5789638
5789638
5789647
5789693
6077665
6077897
6077950
6078235
6078375
6078975
6079075
6079083
6079271
6079273
6079308
6079370
6079439
6079452
6079526
6079527
6079591
6164443
6169277
6269200
6308059
6308103
6308156
6308246
6308266
6308422
6308551
6347898
6377241
6377371
6377566
6377724
6377757
6377772
6377858
6377913
6377918
6378018
6378089
6404952
6405391
6405519
6405816
6406157
6428512
6448656
6448687
6448707
6448726
6448834
6448835
6448842
6448989
6449178
6505546
6505575
6505600
6505660
6505696
6505725
6505745
6505890
6506014
6506024
6506043
6506310
6555659
6555686
6555699
6555785
6555806
6555815
6555884
6555934
6555941
6555983
6556050
6556076
6556121
6556163
6556278
6611942
6611983
6611999
6612024
6612032
6612071
6612139
6612144
6612172
6612181
6612247
6612274
6612328
6612353
6692855
6704172
6715163
6742796
6782258
6782328
6782379
6782396
6782399
6782427
6782500
6782564
6782643
6782655
6782659
6782797
6782814
6782879
6815610
6873762
6885708
6885725
6885755
6885835
6885854
6885889
6885912
6885914
6885964
6885989
6886023
6886061
6886088
6886088
6886126
6886131
6886138
6886188
6886226
6886284
6886314
6941276
6941406
6941425
6941439
6941439
6941610
6941628
6941686
6941831
6941834
6941858
6941994
6942023
6942051
6942224
6989843
6989874
6989970
6990073
6990083
6990293
6990658
6990698
6990714
6990754
6990768
6990807
6990810
6990817
6990990
6991027
7053087
7262029
7262591
7321653
7322216
7381947
7392413
7393032
7393060
7393190
7393249
7393846
7393897
7393926
7393931
7393939
7393983
7394008
7394009
7394056
7394071
7394083
7394229
7394270
7394275
7394309
7597252
7698077
7795284
7814710
7814841
7814853
7814983
7815040
7815080
7815093
7815246
7815291
7815304
7815347
7862283
7865051
7916098
7986858
7986867
7987130
7987141
7987350
7987359
7987384
7987579
7987612
7987711
7987717
8031910
8042248
8067423
8077330
8156131
8156514
8156558
8156679
8157293
8157563
8157610
8157626
8157640
8157665
8157679
8157812
8157820
8157823
8157994
8158181
8158247
8158258
8248944
8307075
8342883
8342940
8343053
8343126
8343139
8343141
8343288
8343323
8343395
8343430
8343506
8343528
8343599
8343678
8343811
8343863
8343921
8384374
8402581
8425851
8478469
8544977
8545256
8546817
8546836
8546853
8546948
8546950
8547052
8547076
8610609
8646934
8655372
8679442
8688642
8688651
8688654
8688692
8688742
8688801
8688887
8688891
8688955
8689863
8761799
8761841
8762084
8762376
8773189
8808932
8809195
8809340
8809513
8809658
8809695
8809716
8809778
8809858
8809878
8809884
8810006
8810035
8810223
8810267
8810610
8948166
9019322
9019349
9019480
9019486
9019673
9019829
9019927
9019966
9019971
9055180
9055229
9055260
9055373
9055390
9055393
9055397
9055486
9076433
9139128
9156803
9317702
9317709
9317797
9317902
9317971
9317973
9317985
9318043
9318063
9318108
9318121
9318183
9318264
9400618
9418249
9418331
9418482
9418549
9418556
9418629
9418703
9418823
9418872
9418901
9419021
9419037
9419061
9419146
9419234
9419331
9467068
9467283
9467466
9468637
9468776
9468894
9468921
9469184
9469231
9469351
9469488
9469781
9497375
9497383
9497488
9497508
9497547
9497570
9497588
9497681
9497732
9497768
9497779
9497864
9497914
9497920
9498226
9521691
9521971
9522099
9522280
9522326
9522408
9522412
9522495
9522532
9522570
9522572
9522579
9522700
9522838
9522914
9544560
9544619
9544668
9544868
9544872
9544958
9545032
9545215
9545268
9545297
9545404
9545417
9545578
9596916
9615097
9615341
9615598
9615882
9695311
9735606
9829022
9894802
9894856
9894879
9894912
9895030
9895101
9895130
9895170
9895250
9895390
9895560
9973115
9973593
9974384
9974396
9974959
9975714
9975878
9976044
9976054
9976181
9976192
9976405
9976551
10013517
10013607
10013637
10013682
10013790
10013792
10013803
10013815
10013953
10013954
10013968
10014071
10014335
10090110
10090142
10090274
10090341
10090441
10090588
10090589
10090669
10090765
10090782
10090841
10090907
10090913
10090919
10090980
10214342
10249704
10254871
10256326
10256525
10256786
10332408
10333350
10349585
10349598
10349655
10349669
10349711
10349840
10349869
10349974
10350068
10452033
10478241
10479192
10502012
10528210
10632057
10861432
10952882
11026643
11032885
11117746
11118059
11118144
11118147
11118335
11118692
11119105
11120935
11172254
11172487
11273143
11273352
11273850
11369802
11418229
11487946
11541945
11606657
11606998
11607240
11740260
11740519
11740577
11741692
11741738
11741792
11741905
11741985
11743357
11743364
11776528
11899742
11914923
11916795
11917123
11917201
11917654
11940986
11952984
11955049
11955081
11955120
11955151
11955240
11955291
11955333
11955377
11955395
11955419
11955572
11955587
11955668
11955687
12069085
12069092
12069236
12069304
12069807
12070263
12070561
12070612
12070677
12070695
12070698
12070706
12070752
12070853
12070860
12071060
12101060
12170364
12222618
12461551
12461948
12464766
12488696
12576394
12694811
12748902
12760237
12804659
12831892
12831934
12832146
12832208
12832395
12832428
12832481
12832622
12832854
12833060
12833472
12852622
12981328
12981338
12981414
12981428
12981589
12981649
12981688
12981736
12981762
12981780
12981790
12981889
12981893
12981896
12981947
12982313
13012311
13041260
13041380
13041414
13041562
13042097
13042161
13043077
13079334
13079372
13079417
13079435
13079499
13079499
13079606
13079833
13167785
13238472
13265320
13265332
13265461
13265567
13265583
13265788
13265875
13266007
13266022
13266053
13266060
13266204
13266206
13266294
13266302
13378260
13457225
13457266
13457317
13457391
13457490
13457497
13457703
13457732
13457773
13457929
13458191
13548794
13587605
13653852
13714068
13734762
13734770
13734865
13734896
13734954
13734975
13735053
13735122
13735189
13735200
13735215
13735289
13735479
13773123
13773212
13773318
13773400
13773442
13773459
13773462
13773516
13773713
13829835
13880045
13880382
13880843
13881435
13881441
13881473
13881499
13881617
13881635
13881650
13881720
13881884
13881917
13881954
14018128
14055469
14122227
14126475
14186114
14214446
14336334
14336340
14336391
14336411
14336480
14336510
14336537
14336605
14336607
14336633
14336637
14336796
14392555
14392567
14392578
14392761
14392824
14392845
14392856
14392901
14392972
14393040
14393245
14393626
14440803
14456728
14510350
14510437
14510478
14510590
14511184
14511284
14511525
14512085
14512207
14558626
14723072
14736550
14736656
14736834
14737037
14737063
14737081
14737097
14737193
14737219
14737229
14737242
14737372
14737378
14737395
14737531
14737727
14839947
14892850
14894277
14917446
14917475
14917567
14917594
14917626
14917659
14917696
14917784
14917818
14917828
14956267
14959499
