15000000
1133
11995
67673
68012
200415
234379
234756
235195
267716
337209
337393
337493
465012
476737
476740
476856
476874
476975
477123
627333
627759
628584
628823
679535
682060
732311
732737
817280
974913
974926
974957
975154
975260
975286
975626
1100813
1142400
1210109
1252722
1267541
1267637
1267759
1267998
1360637
1425333
1443179
1607187
1741014
1888894
1923454
1923736
1924160
2120773
2120777
2120781
2120890
2121016
2184135
2184343
2184345
2184614
2185170
2185420
2230019
2252366
2252627
2252867
2296383
2316732
2340049
2436293
2440863
2440973
2441244
2506841
2557460
2587821
2588054
2652044
2686067
2751311
2763468
2763486
2763501
2763526
2763626
2763645
2763736
2763860
2763874
2787460
2832844
2846929
2909403
2945319
3027621
3027705
3027728
3027910
3029403
3029667
3029699
3057537
3082984
3093446
3114845
3183235
3247784
3271292
3318371
3318377
3318415
3318687
3420757
3421828
3422752
3423342
3540161
3553562
3553589
3553603
3553716
3553748
3667427
3721992
3764489
3764516
3764854
3765252
3766067
3766279
3787085
3846216
3876364
3918894
3919296
3919478
3965585
3977719
4000283
4157197
4177218
4187423
4187475
4187689
4187693
4188094
4188213
4243317
4338228
4536720
4649556
4776394
4777076
4777117
4777299
4777318
4777333
4778228
4822542
4900519
4924993
5044836
5083902
5191126
5191158
5191248
5191298
5191451
5220824
5230313
5258215
5297231
5338577
5349324
5404558
5512925
5544337
5654832
5695309
5734116
5736565
5736831
5745573
5789395
5790199
5807032
5844425
5860042
5869482
5910553
5959841
6016226
6048683
6071910
6071939
6072145
6072214
6072394
6084398
6122667
6252417
6252768
6252849
6252879
6253042
6253138
6332558
6531381
6682048
6719979
6757879
6829593
6865462
6890301
7083149
7083421
7139508
7139926
7139950
7140050
7140094
7220858
7229477
7229637
7229754
7230677
7305096
7318249
7355799
7416144
7559097
7639068
7792896
7793019
7793295
7793742
7909993
7910580
7941896
7971107
7998034
7998052
7998223
7998295
7998435
7998495
7998594
8074342
8077082
8122600
8174298
8301631
8406814
8497569
8553769
8589895
8646707
8647475
8709183
8741715
8741771
8741866
8741874
8741986
8742049
8742077
8742516
8880945
8904543
8934557
9107438
9147154
9195532
9195616
9195629
9195900
9195908
9307223
9374551
9429834
9430017
9430085
9430585
9536415
9649203
9729820
9817637
10034726
10049352
10068550
10068717
10069066
10069624
10163978
10164090
10164097
10164110
10164186
10164278
10164280
10164413
10164424
10226709
10227730
10227982
10297996
10342279
10361090
10378848
10378868
10378908
10378933
10379152
10627901
10688948
10772339
10786327
10845615
10859607
10882607
10916873
10950101
10950327
10950380
10950448
10950485
10950548
10950672
11013056
11117091
11117171
11117197
11117534
11119731
11221598
11287677
11348958
11349507
11382666
11391548
11452873
11452973
11453670
11454294
11501153
11536556
11537018
11550505
11611320
11700061
11779206
11779230
11779464
11779471
11779479
11779483
11898402
11898433
11898436
11898660
11923763
11948075
11978391
12018198
12018233
12018480
12018779
12030921
12031052
12031309
12031484
12031495
12031601
12032172
12132829
12378482
12416346
12436693
12474527
12544585
12717420
12729293
12730340
12730723
12796057
12959872
13007121
13301241
13301938
13302120
13302133
13302250
13361632
13416771
13416805
13417178
13417323
13417375
13476002
13497611
13622184
13645433
13785291
14062563
14123604
14123606
14123683
14124024
14124100
14126409
14289850
14477303
14488990
14489126
14489162
14489383
14491168
14491277
14491324
14519724
14699270
14714583
14714686
14714863
