15000000
1288
253516
337085
337213
337300
337354
337479
337504
472474
476559
476570
476601
476654
476697
476750
476834
476960
476961
532286
628398
628507
628605
628733
628833
629194
740724
774300
796350
835392
916996
969632
975003
975030
975103
975190
975222
975419
975437
1022911
1106677
1155292
1242549
1243115
1267378
1267439
1267468
1267593
1267711
1287034
1323657
1590526
1629454
1629690
1646328
1682926
1683291
1715647
1802134
1859256
1923001
1923178
2120420
2120616
2120648
2120740
2120742
2120974
2183903
2184646
2184793
2184859
2184877
2185035
2185093
2185280
2185475
2231505
2252256
2271808
2339715
2440463
2440502
2440643
2587256
2587359
2587395
2587552
2587764
2669236
2763319
2763339
2763378
2763421
2763459
2763483
2763596
2763634
2763860
2803141
3027425
3027466
3027615
3027854
3027861
3029337
3082591
3318028
3318082
3318132
3318319
3318746
3363910
3420074
3421910
3422535
3422577
3422635
3422691
3422738
3422898
3423049
3459306
3553321
3553451
3553480
3553602
3553704
3553840
3638553
3666400
3737416
3764733
3765959
3765971
3765993
3766121
3766258
3766331
3919292
3919626
3919627
3919934
3920050
3920630
4000911
4157981
4187299
4187311
4187314
4187522
4187560
4187746
4187770
4367950
4567781
4634347
4776948
4776969
4777121
4777127
4777267
4777397
4777549
4777835
4778090
4924275
4952208
5057103
5190900
5191021
5191035
5191166
5191177
5191192
5208523
5318005
5533198
5612178
5612419
5635851
5736246
5736548
5860892
5861007
5861066
5861337
5861809
5899003
6024747
6071635
6071636
6071805
6071810
6071939
6071992
6072193
6072432
6185319
6223285
6251898
6252052
6252431
6252743
6253088
6253554
6353235
6537879
6545004
6628446
6706738
6834610
6868917
7139541
7139818
7139889
7139905
7140895
7140922
7188540
7228148
7228222
7228669
7228675
7229081
7229242
7252390
7273043
7459792
7530690
7558753
7558771
7558808
7558908
7792326
7792471
7792683
7792725
7793051
7793083
7820416
7911191
7911207
7911336
7911615
7970515
7997948
7997965
7998043
7998056
7998091
7998118
7998183
7998270
7998400
7998498
7998519
8076106
8076232
8076365
8076551
8127712
8161260
8291610
8380708
8399297
8541596
8555004
8740929
8741363
8741509
8741693
8742196
8743043
8835167
8880424
8893534
8893736
8912529
9065268
9106145
9194950
9195042
9195324
9195386
9289345
9312562
9429745
9429884
9430111
9430226
9430735
9431190
9466783
9467720
9526405
9650189
9650715
9738712
9886683
9890791
9937487
9968468
9994031
9994189
9994232
9994504
10068246
10069435
10069571
10069772
10070298
10163908
10163943
10163957
10163966
10164063
10164125
10164148
10164287
10164349
10164548
10227373
10227538
10227569
10227637
10228002
10251667
10378311
10378382
10378462
10378590
10378614
10379015
10453319
10538442
10600338
10688313
10801535
10814654
10884772
10949208
10949573
10949589
10950127
10950227
10950247
10950316
10950741
11078940
11116751
11116797
11116932
11117811
11117862
11175556
11287226
11358113
11379491
11452571
11452818
11453913
11453970
11454167
11504057
11530460
11581867
11625549
11626587
11668449
11684891
11704045
11779130
11779180
11779277
11779323
11779366
11779914
11833991
11897904
11897986
11898997
11899157
11899347
11923210
11925126
12017918
12017965
12019391
12031278
12031315
12031328
12031389
12031405
12031479
12031489
12031521
12031560
12031674
12031682
12031729
12213376
12290482
12424946
12577557
12678075
12700621
12730054
12730296
12730471
12795516
12987537
13067915
13301886
13301931
13301980
13302114
13302149
13324824
13361308
13402671
13416535
13416551
13416851
13417115
13473475
13473740
13474242
13474408
13507152
13633572
13938101
14084722
14123278
14123339
14123627
14123900
14124209
14156866
14216707
14217344
14290556
14303058
14371376
14371879
14405795
14406515
14462560
14488369
14488506
14488546
14488752
14488847
14490807
14490983
14566265
14714269
14714306
14714356
14714410
14714522
14714587
14822549
14933948
