15000000
1236
17917
18463
222767
236170
236547
236995
307801
337203
337214
337341
337359
337657
402233
476734
476746
476981
477152
477619
594990
628611
628668
628795
628919
629007
629019
975059
975228
975287
975319
975528
975577
994207
1033030
1242990
1243424
1267520
1267555
1267570
1267661
1267814
1268067
1324243
1329341
1388217
1415036
1458392
1498044
1628535
1628823
1629304
1683531
1696171
1720497
1755785
2009880
2120787
2120947
2120972
2120977
2121197
2121340
2121375
2185028
2185055
2185142
2185209
2185315
2201867
2252713
2319661
2370202
2440735
2440790
2440835
2440892
2535634
2587628
2587754
2587906
2588025
2588195
2763312
2763478
2763485
2763492
2763649
2763667
2763770
2763779
2794656
2817947
2907449
2927108
2949804
2951273
3027026
3027047
3027279
3027564
3029725
3038659
3239204
3318205
3318243
3318348
3318370
3318669
3318735
3342151
3350416
3364487
3422371
3422389
3422582
3422593
3422661
3422745
3422748
3422878
3553494
3553622
3553669
3553811
3602670
3641846
3765244
3765647
3765666
3765929
3766466
3919713
3919816
3919858
3919905
3919983
3920288
3920357
4001362
4020603
4045910
4187496
4187666
4187811
4187896
4188034
4560498
4596808
4607498
4607876
4776960
4777067
4777136
4777167
4777275
4777316
4777735
4778022
5027224
5191244
5191280
5191386
5191487
5218223
5379047
5408684
5520799
5551153
5612672
5612932
5613101
5683556
5839201
5861409
5861722
5861772
5925894
5984690
6072086
6072141
6072172
6072241
6072335
6072336
6072730
6202615
6252011
6252157
6252258
6252761
6253593
6328846
6361054
6423854
6523659
6584744
6791741
6806841
6836638
6873067
6911791
6955783
6956478
7139571
7139584
7139616
7139798
7139871
7139985
7199976
7228879
7228947
7228986
7229086
7288798
7346760
7394089
7559035
7560122
7792876
7793060
7793278
7793858
7794546
7911492
7911568
7911646
7911723
7912167
7997936
7998198
7998455
7998552
7998555
7998696
7998697
7998805
8076599
8076871
8076967
8077028
8077095
8219234
8258539
8291991
8292072
8292640
8340509
8387868
8399931
8690443
8721263
8740920
8741625
8741642
8741750
8741775
8741777
8741950
8741970
8742065
8742082
8835980
8839878
8872413
8893806
8893883
8894018
8894115
8894439
8946678
9074274
9096673
9114631
9128607
9195257
9195300
9195365
9195503
9195671
9251188
9384435
9430539
9430847
9430903
9430947
9431053
9431189
9650928
9807972
9995106
9995364
10069704
10069764
10069799
10069949
10069952
10069961
10088869
10164034
10164085
10164091
10164114
10164179
10164241
10164249
10164283
10164286
10164443
10164480
10164571
10188766
10227642
10227647
10227723
10227800
10227846
10227930
10257388
10339616
10364409
10378573
10378667
10378889
10379765
10453421
10453844
10599605
10638415
10814067
10814471
10814651
10814881
10868316
10935101
10949645
10949766
10949937
10949991
10950084
10975715
11015630
11043559
11055481
11115842
11116492
11116619
11118424
11135112
11135254
11136336
11206336
11238783
11333554
11450997
11453623
11453690
11453917
11484732
11605263
11773322
11779498
11779601
11779758
11779867
11780473
11826527
11862143
11890234
11899209
11899220
11899346
11899359
11899543
12018887
12019126
12019169
12019352
12031511
12031554
12031603
12031721
12031761
12031862
12031899
12031957
12108143
12163600
12226432
12363470
12430276
12558396
12652060
12730150
12730222
12730266
12730462
12750003
12767106
12801787
12851977
12994686
13068610
13157297
13205999
13264495
13302277
13302462
13302931
13303291
13303598
13358319
13378528
13417019
13417155
13417339
13417386
13474340
13474444
13474578
13474641
13720130
13834507
13846541
13861956
13865580
13998603
14015682
14048957
14123968
14124069
14124107
14124259
14179233
14410307
14463154
14488904
14489244
14489308
14489558
14490668
14490819
14490902
14491040
14579087
14591479
14698412
14714306
14714388
14714417
14714424
14714546
14714557
14714870
14855986
14888869
14987862
