15000000
739
19188
19357
19546
19670
58845
138848
313278
313296
313326
313470
313519
497926
498615
498899
561534
561813
562509
599489
600245
600296
620204
711938
712127
712136
847441
882421
1022251
1030435
1031253
1031911
1087889
1088050
1089031
1133770
1240573
1256077
1271683
1271898
1272048
1318233
1318424
1352296
1460652
1460934
1461225
1461426
1603474
1735057
1765406
1852742
1852744
1917840
1917928
1918035
1918140
2023033
2023187
2258753
2305039
2308825
2308900
2309008
2309145
2309513
2332789
2344142
2371086
2406868
2406982
2407048
2572537
2654851
2702666
2702839
2702949
2702976
2703551
2703692
2777128
2777373
2781183
2781521
3039025
3168840
3189013
3189207
3285267
3291638
3291665
3291680
3324523
3368973
3372964
3373105
3374022
3399393
3525037
3550582
3590657
3590807
3591107
3683212
3754110
3780776
3780795
3781030
3781094
3810645
3861799
3878025
3878453
3879918
3880221
3986183
4059838
4060023
4060287
4060741
4120888
4121097
4121458
4199887
4200673
4200841
4367653
4368947
4416822
4417381
4418524
4418607
4418669
4455859
4497394
4498831
4499384
4500052
4743925
4744137
4744617
4776863
4778059
4848194
4981797
4983514
4983754
4983781
4984228
4990206
5060632
5172526
5187936
5211230
5246777
5304837
5307644
5307651
5307655
5538989
5539177
5587103
5775094
5788904
5788907
5789170
5789783
5838168
5999785
6064154
6077392
6079190
6079294
6118322
6160413
6241255
6308356
6377917
6404332
6449257
6449414
6453880
6506455
6555967
6556108
6556178
6557775
6611429
6611946
6612755
6613062
6681750
6727942
6782197
6782431
6786677
6853927
6885223
6885571
6885671
6885735
6885781
6942307
6942350
6942596
6942655
6942682
6990536
6990569
6990654
7065193
7127876
7152105
7321868
7357177
7393890
7393891
7394169
7471064
7607781
7815075
7815163
7815186
7838486
7977798
7988087
7988175
7988950
7999329
8031329
8066705
8157714
8157871
8158011
8158123
8158427
8194388
8229377
8343289
8343480
8343916
8344217
8344496
8388726
8646304
8689196
8689797
8722753
8774330
8809343
8809367
8809373
8810769
8899668
9008009
9019497
9019582
9055217
9318039
9318400
9324452
9400315
9416867
9418766
9418830
9418918
9467210
9469023
9469187
9469198
9497038
9497336
9498054
9498258
9522805
9522914
9522986
9523194
9545220
9545872
9546061
9546413
9771191
9880534
9893002
9895268
9895509
9895584
9976173
9976249
9976264
9976348
9976349
9976371
9976434
9976441
10013678
10013820
10074514
10090576
10090737
10134152
10154315
10257005
10257231
10257302
10257534
10257684
10350415
10351110
10411658
10451166
10491915
10790472
10862306
10969319
11120350
11120522
11120581
11120656
11120885
11171773
11350448
11427314
11441371
11577213
11593030
11606337
11606752
11692792
11741082
11742333
11742742
11743152
11955287
11955417
11955432
12067193
12070405
12070543
12070809
12082673
12246168
12756952
12817652
12832867
12833256
12833506
12854870
12981476
12981510
12981608
12982429
12998750
13006044
13079944
13080243
13080465
13080509
13276775
13385997
13434597
13458187
13458686
13496273
13565641
13713396
13734497
13735438
13735596
13735628
13736692
13802807
13837297
13881501
13881559
13881737
13998301
14054822
14152424
14265435
14336874
14336928
14393480
14393678
14440533
14500833
14512035
14546166
14672785
14722283
14737111
14737272
14893030
14893446
14915886
14992554
