15000000
738
35706
284032
337534
337799
337926
387546
460597
628793
628813
629361
670395
759229
807519
839598
951853
975291
975398
975664
1267811
1267887
1267975
1268096
1280279
1334921
1529143
1630290
1723977
1809738
1918523
2093219
2120940
2184146
2184262
2184289
2184600
2272538
2301338
2340116
2341571
2357553
2440874
2441088
2587690
2587736
2603760
2625106
2643603
2756941
2763557
2763662
2763851
2763970
2794163
2879339
2896539
2967484
2967819
2967951
3027715
3027723
3028064
3028171
3277083
3315092
3318438
3318699
3449654
3493804
3547843
3553686
3553775
3766190
3766199
3766392
3850818
3889339
3919633
4016803
4050549
4166547
4185787
4186254
4186344
4187052
4393520
4465601
4631396
4717694
4777262
4777274
4777316
4777580
5036747
5082142
5191253
5191313
5191423
5191502
5215539
5260061
5283244
5329458
5552201
5593646
5612768
5687142
5900196
6072426
6072764
6078557
6141533
6253049
6253267
6253451
6253489
6357927
6358901
6629262
6630187
6643372
6800808
6836131
6869734
7117976
7140339
7140453
7226728
7226971
7227466
7227521
7252618
7253074
7277901
7327251
7372442
7372506
7372932
7559129
7559167
7957908
7979113
7997303
7998422
7998795
7998798
7998965
8032671
8120511
8128093
8150702
8164799
8186572
8345298
8391032
8440704
8520807
8531764
8560211
8741703
8741822
8741875
8742020
8742136
8881260
8900967
9087816
9195319
9195363
9195661
9213146
9431034
9431622
9492159
9521657
9611470
9646846
9651061
9887244
9893255
9911487
9994832
9994967
9995462
9995681
10021791
10070159
10070637
10159976
10164125
10164131
10164261
10164342
10164381
10164393
10186888
10237199
10539189
10570408
10605405
10626671
10779938
10856127
10906275
10950495
10950512
10950744
10950844
10975262
11030976
11113998
11117021
11117337
11309421
11378049
11453135
11453562
11453812
11530944
11608359
11717056
11777855
11778183
11778530
11779582
11779756
11899431
11899749
11899958
11912260
11945559
11946192
11954268
12031065
12031085
12031385
12031388
12113044
12260404
12290987
12356153
12628785
12667027
12699941
12730644
12789259
12827741
12945071
12988035
13048036
13048956
13068740
13080583
13172408
13260119
13302150
13302203
13302244
13302663
13330602
13330913
13372595
13391711
13417146
13440838
13447446
13475060
13699104
13854683
13994318
14082455
14123639
14123834
14124244
14126171
14181288
14369827
14370342
14370545
14451437
14489003
14489102
14489288
14489533
14588926
14674618
14714584
14714711
14764114
