15000000
1082
58965
93897
136782
307327
337346
337373
337378
337799
401561
476405
476409
476574
476583
476600
476712
476719
476751
476759
629089
671809
822075
929412
974395
974564
974592
974775
974909
1062016
1197709
1249169
1266800
1266850
1266987
1267051
1378974
1442383
1642181
1683796
1858254
1858516
1858884
1940176
1971530
1998786
2037375
2085362
2120431
2120802
2120996
2168027
2184637
2184651
2185004
2185084
2185327
2252990
2350557
2382606
2397843
2441191
2476242
2587913
2678472
2761916
2762195
2762242
2762420
2762469
2763785
2877458
2933999
2953265
3001885
3028741
3028841
3028867
3029178
3261167
3261370
3315216
3318315
3318372
3386103
3422602
3422643
3422753
3422799
3497623
3529771
3553278
3553542
3553671
3555415
3555447
3661425
3695667
3696096
3766137
3766287
3766319
3766438
3766571
3840799
3919679
3919684
3919748
3919871
3920096
4075654
4187365
4187407
4187454
4187469
4187914
4325603
4351547
4433008
4466455
4466670
4466854
4499041
4520762
4566803
4567149
4567338
4567743
4720180
4753507
4753984
4777560
4777665
4777711
4777947
4778164
4827874
4859952
5023455
5096563
5127326
5174478
5190681
5284313
5332693
5526195
5553396
5553691
5574299
5691481
5694460
5719871
5832526
5860747
5860772
5860789
5860842
5860989
5861026
5861031
5861064
5909142
6041593
6042163
6042390
6071588
6071689
6072007
6072667
6072922
6125985
6126482
6155150
6192524
6251684
6251729
6251763
6251838
6252055
6252156
6542872
6610706
6663184
6679182
6705746
6815920
6896165
7009545
7140555
7140581
7140678
7140820
7140866
7164465
7228861
7228941
7229024
7229079
7229082
7360979
7545932
7558980
7559021
7559421
7559887
7559947
7650779
7748045
7765370
7766828
7792203
7792324
7792473
7792493
7792768
7911099
7911259
7911298
7994278
7997571
7997966
7997982
7998029
8076557
8175302
8256481
8446328
8483388
8510061
8541302
8572342
8663205
8737289
8740786
8741030
8742089
8742190
8742428
8742448
8892921
8893123
8893397
8893751
9134201
9134750
9188198
9207566
9327269
9416863
9429881
9431131
9431728
9431967
9580011
9620081
9734750
9770984
9837938
9889061
9890890
9891042
9891049
9891195
9993826
9994212
9994236
9994603
9997581
10080099
10096452
10164428
10164592
10164643
10164786
10164808
10164854
10164921
10165041
10204931
10259437
10378489
10378559
10378564
10378627
10378646
10378938
10452320
10454660
10454954
10495271
10513286
10563344
10783675
10806153
10912058
10934409
10949991
10950024
10950146
10950150
10950170
10982100
11115860
11116262
11118596
11118959
11119038
11182998
11222138
11250818
11371929
11450540
11454248
11454458
11454537
11454867
11482028
11490723
11519508
11519529
11519687
11520528
11555841
11665709
11779090
11779103
11779203
11780733
11834620
11878798
11897955
11898055
11898287
11899887
11900017
11992557
12018172
12019028
12031314
12031346
12031374
12031378
12031872
12144529
12185930
12266054
12332986
12730155
12749434
12849504
12849603
12850304
12850313
12909324
12920841
13007569
13116556
13173516
13173869
13174238
13182517
13284515
13302154
13302176
13302280
13302314
13302366
13302608
13387447
13389246
13390019
13415763
13416200
13473458
13473498
13473649
13473783
13474058
13474479
13484175
13497562
13567452
13639066
13684292
13822398
13834717
13856812
13977152
14012552
14032613
14084002
14119734
14125751
14125928
14126096
14126367
14225884
14251771
14290603
14290616
14290849
14343974
14370424
14488203
14488239
14488294
14488387
14490373
14490542
14491083
14581623
14617937
14660053
14708888
14740632
14783445
14886671
14898225
14960652
