15000000
3405
103072
103284
103298
103396
103443
103534
103558
103644
103720
145840
145999
147211
147429
147585
147597
147605
147745
147763
147773
147786
147802
147914
147928
148002
148028
148176
148273
184506
185220
185991
186095
186178
186184
186298
186350
186409
186555
186559
186565
186683
186724
186793
186799
331964
331995
332082
332162
332203
332220
332254
332345
332371
332758
332863
332881
332944
344678
419027
419242
419283
419794
420013
420103
420178
420231
420340
420373
420392
420655
518630
520338
520470
520570
520732
520747
520825
520840
520881
520894
520910
520968
520982
520995
521021
521026
521047
521264
566440
585164
585221
585336
585396
585534
585538
585605
585630
585631
585637
585666
585692
586197
586401
725827
756259
758152
758567
758711
758977
759658
759888
760339
760444
760478
760551
963616
1063482
1063488
1063506
1063672
1063713
1063716
1063721
1063881
1063918
1064044
1098741
1099084
1099264
1099373
1099494
1099671
1099700
1099720
1099827
1099953
1099960
1100114
1100170
1100177
1133718
1163942
1166414
1168032
1168061
1168217
1168222
1168319
1168322
1168464
1168480
1168552
1168632
1168670
1237846
1271940
1271946
1271986
1272046
1272118
1272126
1272135
1272147
1272268
1272280
1272413
1272612
1272778
1303757
1341269
1341319
1341335
1341338
1341430
1341437
1341438
1341518
1341640
1341683
1341738
1341773
1341859
1341935
1404166
1466692
1491454
1491605
1491629
1491646
1491788
1491793
1491892
1491930
1491976
1492196
1557589
1557611
1557629
1557732
1557787
1557829
1557898
1558282
1558477
1582568
1682846
1682860
1682990
1683033
1683219
1683330
1683430
1683476
1683615
1683617
1683688
1683705
1683793
1683837
1683853
1683927
1734076
1734163
1734274
1734339
1734389
1734464
1734560
1734665
1734919
1735104
1813910
1814001
1814143
1814205
1815618
1815710
1831219
1894300
1897264
1897301
1897348
1897438
1897532
1897549
1897604
1897654
1897656
1897705
1897779
1897782
1897955
1974076
1998930
1998935
1998936
1999009
1999026
1999066
1999070
1999091
1999131
1999133
1999156
1999249
1999256
1999290
1999407
1999415
2036934
2037033
2037264
2037348
2037788
2038509
2038536
2038539
2038641
2038657
2038667
2038682
2038865
2038868
2038883
2077470
2108498
2139242
2196911
2196971
2197042
2197151
2197185
2197192
2197285
2197756
2312168
2312283
2312359
2312470
2313127
2313256
2313325
2313335
2313595
2438283
2527826
2527853
2528027
2528127
2528793
2528795
2528804
2528913
2529041
2529083
2529198
2529308
2529343
2529415
2591572
2591838
2591848
2591850
2591944
2591962
2592006
2592062
2592423
2592455
2592540
2592607
2592694
2663755
2664344
2664783
2665274
2665532
2665612
2665791
2665796
2665975
2666021
2666205
2666502
2779019
2791253
2855109
2897326
2897343
2897422
2897432
2897459
2897571
2897613
2897734
2897997
2898095
2898253
2898310
2898401
2945692
2972707
2972863
2972888
2973028
2973031
2973149
2973156
2973261
2974532
3020976
3021347
3021541
3021612
3021843
3021850
3021888
3021920
3021992
3022099
3022124
3071234
3072518
3072675
3072732
3072732
3072824
3072896
3072946
3073054
3073087
3073259
3073291
3073490
3073502
3156406
3193397
3235824
3286645
3288289
3288454
3288554
3288643
3288697
3288707
3288769
3288780
3288798
3288817
3288848
3288858
3288861
3288958
3288974
3288975
3289112
3340559
3341310
3341772
3342972
3343373
3343419
3343504
3343531
3343585
3343586
3343663
3343730
3343766
3343772
3343888
3344021
3367685
3368643
3368680
3368757
3368822
3368887
3368889
3368986
3369154
3369306
3369314
3369417
3369418
3369435
3369436
3369548
3369569
3369612
3396459
3472306
3527203
3543035
3611839
3634884
3713462
3714010
3732515
3814958
3814969
3814980
3815069
3815135
3815161
3815170
3815248
3815271
3815348
3843031
3846956
3847006
3847422
3849281
3951937
3960496
3962171
3962239
3962252
3962295
3962328
3962450
3962455
3962586
3962693
3962839
3988520
4073228
4073539
4074037
4074592
4074751
4074759
4074851
4075062
4075077
4075178
4075221
4075308
4075335
4075487
4145462
4147744
4148073
4148225
4148403
4149321
4149388
4149489
4149527
4149578
4149737
4149748
4149938
4150298
4267559
4306445
4306556
4306993
4307114
4307142
4307151
4307160
4307191
4307213
4307260
4307265
4307291
4307301
4307390
4307422
4322433
4332623
4413110
4430043
4464242
4467191
4467207
4467237
4467308
4467336
4467361
4467380
4467506
4483937
4567397
4682626
4756872
4756987
4757067
4757260
4757668
4757674
4757678
4757693
4757696
4757963
4814166
4846332
4964656
5015676
5133315
5351228
5351335
5351499
5351562
5351734
5351751
5351804
5351839
5352072
5352212
5352265
5352331
5371455
5372134
5372199
5372233
5372315
5372333
5372340
5372354
5372420
5372524
5513918
5513999
5514092
5514109
5514159
5514205
5514215
5514226
5514334
5514437
5514447
5514836
5610759
5610804
5610832
5610833
5610922
5610930
5610933
5611005
5611054
5611194
5637029
5681142
5683105
5683127
5683147
5683170
5683262
5683283
5683306
5683324
5683378
5683381
5683414
5683431
5683494
5683513
5683547
5683554
5683587
5683685
5710721
5825876
5826673
5922214
5922297
5922320
5922429
5923458
5923518
5923663
5993020
6022761
6022879
6023126
6023267
6023609
6023611
6023619
6023631
6023736
6023748
6023748
6023836
6023882
6024030
6024030
6024188
6071627
6071953
6072105
6072205
6072239
6072668
6072685
6072759
6072806
6072812
6072848
6072912
6072934
6210307
6210308
6210332
6210334
6210460
6210493
6210570
6210574
6210602
6210666
6210691
6210860
6210932
6313717
6356797
6384988
6385089
6385129
6385214
6385252
6385279
6385318
6385410
6385528
6421976
6519688
6521748
6521773
6522790
6522921
6523079
6523081
6523207
6523296
6523331
6523446
6523463
6523572
6523853
6586760
6588354
6588361
6588361
6588488
6588504
6588509
6588512
6588717
6588731
6588787
6588839
6588962
6588968
6660498
6689106
6689192
6689280
6689379
6689495
6689622
6689670
6689704
6689722
6689817
6689851
6689923
6746268
6864035
6888432
6888510
6888544
6888577
6888650
6888702
6888714
6888858
6889205
6971660
6971662
6971735
6971826
6971986
6971986
6972107
6972127
6972144
6972232
6972238
6972253
6972286
6972311
6972385
6972475
7020291
7021071
7062176
7095893
7101778
7101834
7101861
7101861
7102011
7102046
7102146
7102579
7102625
7102722
7139733
7181602
7182371
7182375
7182392
7182498
7182525
7182656
7182682
7182718
7182736
7183121
7219565
7222269
7222321
7222365
7222376
7222391
7222454
7222478
7222507
7222540
7222554
7222587
7222716
7222724
7222771
7358592
7359896
7359966
7359979
7359981
7360119
7360126
7360128
7360193
7360326
7360339
7360492
7360872
7501611
7501705
7501746
7501859
7502321
7502368
7502383
7502413
7502508
7502513
7502627
7502704
7524402
7551739
7551893
7551895
7551995
7552098
7552104
7552158
7552273
7552285
7552299
7552457
7597934
7597999
7598769
7598790
7598888
7598889
7598973
7598993
7598998
7599054
7599077
7599125
7599134
7599205
7599247
7599305
7599354
7699811
7700059
7700138
7700197
7700288
7700317
7700354
7700475
7700657
7700804
7700865
7745032
7745088
7745144
7745146
7745151
7745244
7745246
7745246
7745276
7745462
7745572
7770001
7855525
7941512
7957272
7960147
7960268
7960582
7961024
7961051
7961093
7961148
7961161
7961221
7961234
7961368
7961383
8002325
8002327
8002374
8002383
8002400
8002513
8002533
8002538
8002563
8002657
8002828
8003021
8098041
8134433
8136999
8206421
8206504
8206604
8206627
8207322
8207435
8207564
8207704
8208748
8274445
8276809
8276949
8276981
8277012
8277165
8277168
8277281
8277325
8277373
8277423
8277458
8277488
8277502
8363785
8364343
8364348
8364485
8364518
8364525
8364591
8364742
8516494
8553834
8557933
8608529
8609222
8609241
8609361
8609447
8609468
8609545
8609570
8609594
8609688
8610211
8682309
8682329
8682349
8682429
8682517
8682641
8682666
8682668
8682823
8682921
8683104
8683111
8683149
8683215
8683259
8683337
8683408
8742185
8790214
8933413
9008021
9010211
9010544
9012273
9012328
9012341
9012352
9012364
9012417
9012454
9012464
9012473
9012567
9012604
9012610
9012651
9072776
9153591
9179503
9221931
9221937
9221998
9222077
9222134
9222177
9222209
9222391
9222522
9222633
9222688
9222775
9223009
9326835
9348672
9364162
9365586
9365679
9365725
9365884
9365996
9366196
9366262
9366306
9460342
9503156
9503531
9503775
9503879
9504209
9504294
9504446
9504469
9504872
9504897
9504914
9504922
9505023
9505043
9505133
9505163
9613332
9613338
9613358
9613458
9613503
9613503
9649507
9649719
9649991
9650567
9650765
9650786
9650946
9650951
9651116
9651132
9651132
9651154
9651279
9651383
9762871
9762920
9763088
9763170
9763829
9764279
9764345
9765002
9786263
9786394
9786417
9786479
9786762
9786764
9787384
9787398
9787399
9787532
9787548
9906269
9929155
9929163
9929189
9929235
9929391
9929454
9929457
9929495
9929528
9929583
9929663
9929708
9929741
9929844
9929864
9929977
9930072
9962048
9977827
10009396
10009801
10009875
10010312
10010904
10011001
10011020
10011548
10011655
10011781
10144635
10168859
10254474
10254765
10255378
10255437
10255459
10255514
10255956
10256029
10256065
10256201
10331390
10404062
10406229
10406305
10406307
10406465
10406550
10406626
10407185
10407186
10407291
10407895
10407957
10468626
10468829
10469429
10469467
10469790
10469900
10470349
10470484
10470523
10470537
10470584
10470797
10602971
10603565
10603768
10604352
10649527
10649848
10649964
10649985
10651096
10651156
10651281
10651296
10651352
10651394
10651428
10651538
10651646
10696465
10696877
10696962
10696981
10697044
10697113
10697217
10697219
10697349
10698021
10698193
10698300
10698375
10698614
10735155
10735397
10735588
10735610
10736569
10736701
10738064
10808908
10899356
10900848
10900899
10900915
10900963
10901040
10901108
10901124
10901261
10901408
10901419
10901702
10930688
11092249
11136399
11136560
11136624
11136650
11136771
11136782
11136839
11136930
11136956
11137028
11137079
11196251
11236721
11237097
11237268
11237373
11237633
11237665
11237686
11237719
11237837
11331395
11331718
11332058
11332253
11332546
11332837
11332923
11333138
11333327
11333541
11373470
11373841
11435123
11503409
11503917
11504085
11504237
11504516
11504777
11504870
11504878
11504991
11505027
11528738
11589851
11592441
11592521
11592570
11592764
11592775
11592780
11592816
11592916
11592973
11593014
11593036
11593065
11593066
11593150
11593250
11851941
11852004
11852358
11852528
11853134
11853305
11853434
11853452
11853974
11854025
11854118
11854236
11975683
12010017
12038716
12038788
12038924
12039448
12039544
12039623
12039663
12039663
12039767
12039781
12039847
12040248
12040332
12080855
12080897
12080904
12080999
12081012
12081024
12081138
12081144
12081154
12081238
12081370
12081842
12116432
12146630
12166956
12167807
12168013
12168161
12168199
12168342
12168535
12168619
12168634
12168709
12168731
12168737
12168835
12168858
12169034
12169042
12189466
12208426
12224102
12224198
12224615
12224809
12224925
12238007
12279871
12282697
12282714
12282771
12282772
12282892
12282902
12282928
12282941
12283022
12283027
12283031
12283055
12283229
12342741
12343098
12343632
12343726
12343731
12343756
12343778
12344182
12344280
12385163
12385263
12385286
12385346
12385414
12385461
12385808
12385925
12386059
12386125
12386253
12438967
12507615
12508058
12508074
12508312
12508454
12508477
12508480
12508565
12508595
12508672
12508797
12689258
12689657
12690197
12690261
12690262
12690359
12690374
12690443
12690451
12690548
12690852
12691198
12793110
12834452
12834478
12834506
12834557
12834606
12834611
12834711
12834729
12834797
12834850
12835205
12835285
12835612
12871035
12872707
12872849
12872870
12872908
12873071
12873088
12873194
12873329
12873392
12873411
12873465
12873472
12873502
12939091
12939117
12939464
12939533
12939644
12939754
12939755
12939755
12939777
12939870
12939884
12939890
12939918
12940044
12940051
13057155
13057200
13057205
13057221
13057304
13057330
13057342
13057348
13057387
13057472
13057480
13057487
13057489
13057676
13110896
13111020
13111150
13111267
13111657
13111670
13111675
13111684
13111775
13111780
13111780
13111780
13111834
13111985
13141382
13173070
13311180
13406501
13433247
13433572
13433654
13433888
13434087
13434096
13434253
13434287
13434288
13434359
13435343
13463955
13463996
13464100
13464101
13464147
13464161
13464256
13464264
13464313
13464326
13464718
13464895
13465106
13496448
13611783
13651057
13662644
13662667
13662747
13662803
13662841
13662905
13662960
13662980
13663089
13663176
13663202
13663259
13663450
13663466
13663497
13663714
13663741
13726813
13739610
13739695
13739937
13739968
13740160
13740473
13741041
13741141
13781468
13783425
13783469
13783494
13783503
13783592
13783611
13783618
13783642
13783705
13783881
13783888
13783927
13783974
13812338
13812396
13812397
13812422
13812470
13812490
13812557
13812583
13812592
13812687
13812781
13812837
13813001
13847314
13847416
13847526
13847739
13848138
13848494
13849082
13882212
13882216
13882270
13882352
13882416
13882525
13882546
13882589
13882596
13882808
13882899
13986918
14021383
14021660
14021884
14021974
14021975
14022075
14022092
14022131
14022135
14022166
14022223
14022311
14022419
14022622
14052851
14082596
14083167
14084694
14084699
14084754
14084854
14084879
14084890
14085035
14085101
14085260
14085316
14085484
14147079
14147434
14148358
14148419
14148439
14148479
14148494
14148534
14148552
14148588
14148716
14148746
14148815
14148821
14148848
14148915
14148980
14149094
14149123
14197018
14206688
14247513
14250401
14250473
14250516
14250756
14250804
14250827
14251018
14251356
14251752
14251796
14299691
14364948
14461386
14462653
14462672
14462819
14462857
14462867
14462974
14462986
14462997
14463179
14463280
14463303
14463364
14463399
14463425
14463584
14517904
14545777
14545964
14545986
14546016
14546100
14546313
14547131
14547231
14547457
14547464
14547659
14547684
14547693
14547977
14622091
14629678
14629775
14629777
14629777
14629985
14630158
14630229
14630238
14630251
14630260
14630423
14630633
14677704
14678096
14678173
14678321
14678325
14678418
14678432
14678455
14678556
14678565
14678611
14678831
14679039
14739361
14748812
14748968
14748985
14749670
14749881
14749916
14749926
14749935
14749946
14750048
14750057
14750082
14750107
14750213
14750357
14867169
14868593
14873298
14873564
14873597
14873775
14873880
14874044
14874083
14874083
14874125
14874140
14874199
14874225
14874440
14874502
14940898
14942921
14943307
14943573
14943638
14944115
14944128
14944309
14944346
14944347
14944429
14944524
14944625
14944628
14964190
14990874
