15000000
553
45066
99560
334589
337020
352780
430366
475661
476789
662421
752068
784391
816801
842568
930968
973305
973694
975185
1267774
1279696
1380721
1408163
1449609
1606241
1680771
1723114
1723631
1783745
1866758
1877601
2115064
2183413
2183763
2272913
2394779
2440538
2591878
2629754
2642819
2761956
2762322
2762465
2762712
2908855
2913700
2967845
3002185
3029418
3124644
3296833
3352373
3387513
3467793
3500265
3547660
3553441
3553483
3554462
3631402
3764147
3766894
3964962
4101975
4109783
4130397
4185928
4187525
4187909
4324909
4649186
4678373
4722814
4777912
4778006
4912264
4995501
5113708
5147404
5188807
5191026
5229397
5296373
5512380
5694755
5764648
5790592
5862081
5960905
6015128
6070479
6071882
6072020
6151010
6170812
6219664
6229405
6251093
6251868
6251894
6272816
6835115
7010112
7010563
7028384
7125156
7140871
7226184
7229653
7229859
7357268
7415582
7442203
7559868
7690160
7844658
7996693
7998300
8074887
8143037
8224483
8321450
8356804
8459089
8576249
8645759
8741499
8741653
8741674
8769409
8787727
8874308
8911828
8932167
9361152
9459672
10162472
10163804
10163954
10164004
10164106
10164215
10377055
10400264
10463414
10490504
10552378
10619400
10747634
10771813
10788767
10882014
10948523
10950215
10950463
10989958
11161412
11294148
11348568
11382081
11441665
11530056
11540800
11636395
11777413
11781444
11781919
11896160
11953561
11960647
12030037
12030381
12030705
12030775
12031137
12127171
12266339
12283144
12699348
12728309
12890237
13047227
13300887
13302927
13318020
13330372
13347608
13371913
13390039
13390217
13390670
13415643
13416215
13440381
13462299
13474616
13496968
13631322
13655341
13676726
13917797
14079614
14125452
14125618
14125753
14125924
14125967
14291311
14322821
14490959
14519215
14558251
14599514
14615390
14678942
14900931
14957317
