15000000
773
102318
283465
337164
337432
338169
338183
338556
348289
366344
476647
476738
476998
477184
531076
544414
720234
790544
798906
875095
949566
974595
974603
974662
974808
974809
1233790
1266348
1266562
1266662
1266796
1266862
1530384
1809818
1918992
1949957
2120699
2120889
2120901
2184496
2184527
2185011
2185210
2326504
2340974
2358041
2440556
2550380
2587551
2587679
2587856
2587882
2762965
2763065
2924075
2968171
2968251
2968265
2968502
3028035
3029005
3029264
3029464
3029773
3067947
3422816
3529069
3555136
3676626
3766651
3771044
3821666
3846248
3919376
3919615
3919622
3919855
3919855
3988313
4185498
4187247
4187317
4187468
4187487
4232490
4274717
4462680
4639527
4668799
4718454
4719681
4777838
4777918
4798134
4870827
5092503
5190948
5191100
5191211
5191239
5191517
5482565
5569231
5687506
5687951
5803340
5821777
5861008
5861516
5862199
5884376
5928213
5957757
5995924
6071880
6071885
6072362
6167595
6251514
6251729
6251824
6252032
6253564
6418790
6469679
6594921
6656326
6785824
6836373
6998611
7140807
7140907
7141109
7141225
7141350
7178340
7220017
7229388
7229969
7372932
7558824
7558919
7559005
7559077
7791240
7791776
7791800
7817898
7864922
7870051
7911150
7911174
7911459
7911589
7964626
7997995
8076016
8076586
8076869
8076902
8291596
8479610
8582658
8637622
8722211
8741515
8741613
8742281
8760241
8799027
8829999
8838526
8893480
8893527
8893855
9026888
9056324
9128345
9231920
9304544
9327436
9431269
9431988
9431990
9432188
9432492
9454300
9492631
9492972
9711921
9829845
9890427
9890540
9891348
9923012
9997181
10160979
10163944
10164157
10164303
10227201
10283798
10313186
10337439
10378396
10378495
10378782
10513459
10571499
10630158
10790120
10840467
10852347
10934556
10949759
10950664
10950788
10950822
11026125
11115578
11119524
11215590
11495271
11537502
11594996
11625074
11779592
11779668
11779877
11783600
11784218
11893563
11899269
11899342
11931619
12018060
12028227
12031246
12031253
12031265
12031307
12104937
12231580
12328435
12347200
12505859
12517438
12549958
12574678
12700234
12700244
12700559
12700720
12736141
12791597
12815733
12854865
12909997
12925019
13109765
13174434
13199558
13298979
13302245
13302313
13302423
13326264
13395031
13419148
13463307
13473328
13473334
13473350
13473833
13666341
13770349
13931812
14025686
14124139
14124199
14125506
14125852
14216819
14249207
14290165
14423100
14443604
14490432
14490531
14490557
14490725
14490799
14616490
14617394
14617743
14628088
14628831
14636718
14678838
14714154
