15000000
3801
24746
103392
103436
103444
103459
103522
103601
103636
103730
103851
103908
146221
146310
146435
147232
147269
147511
147627
147641
147712
147748
147835
147856
147875
147911
148034
148049
148374
185537
185724
185741
185776
185879
186219
186261
186357
186398
186520
186561
186612
186669
186755
186988
280535
332298
332358
332383
332400
332404
332463
332512
332519
332570
332582
332700
332731
333009
333013
380211
418172
418571
418847
418948
419435
419496
420204
420226
420244
420427
420450
420715
518997
519739
519915
519957
520544
520555
520630
520702
520760
520784
520790
520858
520891
520915
520943
521057
521158
521244
521370
585454
585496
585564
585565
585586
585595
585637
585683
585725
585792
585861
586010
586029
586291
586384
652502
758847
758850
759075
759415
759557
759703
760229
760470
760595
760667
760695
760702
964139
1062546
1062577
1063124
1063162
1063449
1063588
1063613
1063619
1063729
1063767
1063880
1063924
1064008
1064061
1099196
1099242
1099251
1099365
1099389
1099471
1099591
1099671
1099737
1099758
1099860
1099878
1099900
1100374
1100387
1134354
1134615
1140712
1164647
1167490
1167752
1167829
1168259
1168409
1168561
1168561
1168617
1168684
1168727
1168741
1168746
1168790
1168905
1168936
1168964
1169022
1185819
1271745
1271747
1271851
1271882
1272114
1272179
1272199
1272237
1272273
1272350
1272413
1272433
1272469
1272513
1272618
1341243
1341251
1341267
1341366
1341421
1341466
1341468
1341550
1341564
1341611
1341625
1341723
1342080
1342081
1342150
1467751
1490666
1491710
1491714
1491719
1491745
1491868
1491878
1491885
1491974
1491986
1492031
1492102
1492202
1492441
1557707
1557725
1557876
1557887
1557944
1557961
1558035
1558073
1558108
1558139
1558295
1558688
1582884
1604198
1682249
1683003
1683037
1683201
1683223
1683299
1683369
1683399
1683405
1683480
1683500
1683523
1683565
1683655
1683834
1683834
1683892
1684012
1684042
1732951
1733732
1733982
1734036
1734325
1734363
1734550
1734550
1734555
1734673
1734759
1734762
1734802
1797320
1814158
1814209
1814263
1814349
1814391
1814454
1814626
1815013
1815356
1896713
1897112
1897143
1897429
1897626
1897653
1897658
1897721
1897778
1897792
1897802
1897938
1897969
1997859
1998122
1998147
1998463
1998837
1998945
1998965
1998983
1999022
1999045
1999062
1999063
1999065
1999189
1999234
1999262
1999301
1999538
2037190
2037351
2037436
2037451
2037494
2038087
2038315
2038354
2038435
2038446
2038628
2038654
2038855
2039163
2039174
2196395
2196844
2197013
2197033
2197136
2197147
2197169
2197283
2197329
2197466
2197490
2197651
2197680
2197700
2312447
2312500
2312509
2312600
2312627
2312728
2312739
2313159
2313247
2313420
2462507
2527861
2528018
2528019
2528139
2528157
2528168
2528940
2529040
2529083
2529092
2529210
2529230
2529247
2529267
2529373
2529430
2529583
2591912
2591919
2591977
2591991
2592019
2592077
2592085
2592171
2592276
2592289
2592325
2592596
2592662
2614160
2630105
2664847
2665040
2665054
2665085
2665191
2665304
2665332
2665708
2665739
2665789
2665882
2666003
2666231
2666334
2791408
2896098
2896224
2896487
2896778
2897576
2897584
2897647
2897780
2897826
2897866
2897869
2897992
2898008
2898062
2898093
2898200
2898217
2935280
2972850
2972861
2972963
2972980
2973201
2973272
2973311
2973375
2973390
2973648
2973657
3021613
3021616
3021678
3021717
3021761
3021785
3021828
3021890
3021896
3021929
3022049
3022924
3071755
3071911
3072024
3072037
3072397
3072633
3072802
3072884
3072925
3072956
3072994
3073035
3073110
3073123
3073159
3073287
3234448
3287014
3287483
3287603
3287909
3288533
3288690
3288712
3288728
3288791
3288810
3288843
3288856
3288874
3288924
3288970
3289074
3289074
3342058
3342148
3342323
3342363
3342500
3343449
3343496
3343616
3343666
3343674
3343684
3343711
3343715
3343747
3343797
3343863
3343889
3343895
3343971
3367984
3368083
3368225
3368377
3368990
3369062
3369144
3369210
3369238
3369271
3369296
3369357
3369407
3369423
3369439
3369519
3369672
3396517
3414666
3472677
3629298
3674049
3714241
3791920
3814882
3814885
3814887
3814899
3815049
3815246
3815300
3815301
3815361
3815369
3815431
3815505
3846881
3846999
3847052
3847151
3847731
3847747
3847988
3868400
3901535
3953440
3960968
3962082
3962172
3962232
3962316
3962318
3962493
3962518
3962593
3962611
3962686
3962689
3962711
4000278
4073688
4073907
4073927
4074137
4074848
4074932
4074994
4075021
4075035
4075108
4075165
4075179
4075408
4075487
4075558
4118981
4146861
4148368
4148583
4148586
4148622
4148895
4148922
4149345
4149425
4149443
4149908
4150126
4256560
4306680
4307096
4307105
4307106
4307116
4307139
4307223
4307266
4307268
4307349
4307386
4307419
4307462
4307468
4307537
4307630
4359102
4426734
4466662
4466887
4467089
4467235
4467417
4467518
4467568
4467647
4467762
4467977
4468224
4468325
4468386
4484738
4540179
4588000
4757192
4757230
4757333
4757405
4757587
4757589
4757682
4757690
4757778
4757859
4757878
4758048
4758080
4758199
4815775
4816762
4907997
4969786
5098323
5107756
5139518
5219990
5281340
5341889
5351350
5351593
5351697
5351710
5351737
5351797
5351900
5351937
5352027
5352093
5352188
5352433
5352449
5369730
5371727
5371921
5372053
5372374
5372383
5372488
5372493
5372498
5372538
5372585
5372676
5372709
5512608
5513162
5513258
5514171
5514314
5514358
5514367
5514381
5514384
5514449
5514484
5514512
5514527
5514539
5514547
5514671
5514684
5552056
5579393
5608425
5610716
5610861
5610866
5611070
5611115
5611142
5611268
5611283
5611460
5682600
5682654
5682974
5683036
5683055
5683270
5683308
5683392
5683399
5683404
5683429
5683464
5683495
5683519
5683528
5683541
5683610
5683650
5683687
5724964
5875653
5887042
5921407
5922246
5922297
5922348
5922405
5922613
5923013
5923389
5923675
6021189
6023057
6023157
6023257
6023363
6023599
6023636
6023644
6023644
6023739
6023830
6023833
6023858
6023943
6023949
6024196
6071966
6072235
6072253
6072324
6072333
6072334
6072420
6072427
6072520
6072532
6072590
6072591
6072708
6072742
6072912
6073070
6102287
6171752
6210282
6210336
6210380
6210415
6210471
6210603
6210651
6210690
6210791
6210804
6210844
6210862
6251775
6312909
6384399
6384495
6384518
6384700
6384723
6385137
6385240
6385276
6385296
6385426
6385439
6385628
6385706
6385761
6402924
6425510
6451759
6508261
6520939
6522324
6522420
6522948
6522979
6523031
6523038
6523169
6523234
6523262
6523349
6523351
6523436
6523509
6523569
6579531
6587688
6587930
6588058
6588060
6588486
6588563
6588639
6588654
6588681
6588712
6588715
6588788
6588850
6588920
6627697
6689500
6689600
6689607
6689607
6689610
6689739
6689766
6689823
6689895
6689947
6690041
6690041
6690089
6690228
6737639
6759618
6820390
6858050
6888114
6888325
6888422
6888529
6888610
6888671
6888714
6888858
6916678
6970801
6970923
6971128
6971414
6971882
6971957
6972086
6972098
6972116
6972253
6972271
6972281
6972286
6972305
6972386
6972434
6972536
7101401
7101734
7101750
7101774
7101965
7102073
7102124
7102208
7102285
7102303
7102450
7147269
7182316
7182492
7182518
7182537
7182598
7182724
7182793
7182911
7182986
7182990
7183110
7183310
7220576
7220964
7221973
7222322
7222389
7222439
7222486
7222532
7222568
7222583
7222628
7222662
7222669
7222698
7222747
7222798
7222798
7222897
7222901
7286488
7360155
7360189
7360252
7360258
7360263
7360277
7360345
7360411
7360475
7360579
7360788
7361014
7361043
7501826
7501914
7501953
7501956
7501972
7502088
7502116
7502133
7502203
7502400
7502464
7502575
7502833
7526582
7551510
7551920
7551945
7551948
7551998
7552039
7552116
7552138
7552240
7552264
7552271
7552279
7596703
7598137
7598306
7598335
7598371
7598372
7598629
7598778
7598865
7598896
7598912
7599013
7599063
7599117
7599164
7599217
7599227
7599291
7599296
7614846
7663790
7699219
7699900
7699929
7700342
7700350
7700446
7700574
7700632
7700647
7700764
7700876
7700904
7744825
7745057
7745127
7745259
7745302
7745305
7745386
7745405
7745414
7745514
7745586
7745627
7745640
7775743
7800252
7922751
7960396
7960453
7960581
7960713
7960773
7960951
7961137
7961173
7961230
7961388
7961426
7961450
7961609
7961684
8001971
8002075
8002096
8002171
8002275
8002295
8002333
8002374
8002613
8002637
8002753
8002776
8002842
8002962
8003015
8003259
8137444
8206574
8207080
8207300
8207398
8207547
8207591
8207616
8207801
8276264
8276500
8276787
8276808
8276835
8276962
8276984
8277095
8277186
8277387
8277391
8277417
8277532
8277559
8277573
8364466
8364476
8364584
8364619
8364671
8364780
8364891
8365009
8441543
8540631
8607201
8607257
8608684
8609169
8609258
8609514
8609628
8609676
8609808
8609811
8609866
8609927
8682183
8682460
8682591
8682687
8682716
8682763
8682783
8682825
8682902
8682904
8682918
8682939
8683024
8683065
8683082
8683384
8870090
8999521
9010933
9011222
9011295
9012093
9012099
9012341
9012368
9012373
9012529
9012619
9012636
9012646
9012665
9012710
9012830
9012851
9222078
9222082
9222093
9222099
9222142
9222181
9222245
9222255
9222296
9222400
9222543
9222547
9222831
9245748
9365728
9365734
9365735
9365800
9365861
9366400
9366493
9366547
9366675
9366768
9427353
9445632
9491918
9503820
9504123
9504148
9504194
9504306
9504374
9504455
9504481
9504545
9504561
9504629
9504675
9504984
9505079
9505187
9505374
9505464
9612913
9612950
9613056
9613110
9613488
9613543
9613561
9613670
9613694
9613695
9650244
9650282
9650346
9650424
9650486
9650496
9650625
9650851
9650875
9650915
9651185
9651354
9651514
9651720
9763181
9763221
9763353
9763458
9763944
9763947
9764231
9786590
9786712
9786787
9786788
9786871
9786952
9787235
9787380
9787559
9787628
9787678
9816842
9845723
9927940
9928535
9929266
9929269
9929299
9929371
9929371
9929428
9929457
9929507
9929559
9929579
9929674
9929689
9929730
9929828
9929888
9929916
10010292
10010475
10010481
10010730
10010875
10010981
10010995
10011255
10012082
10035016
10156555
10202900
10254824
10254839
10255085
10255216
10255435
10255544
10255610
10255692
10255697
10255716
10256111
10256153
10256392
10406502
10406564
10406660
10406675
10406711
10406780
10407258
10407340
10407397
10407997
10408235
10464170
10468982
10469232
10469406
10469965
10469995
10470344
10470665
10470715
10470829
10470848
10470994
10496789
10522318
10541944
10546649
10623576
10634093
10650169
10650186
10650236
10650478
10651116
10651183
10651321
10651330
10651380
10651442
10651443
10651474
10651493
10651554
10651562
10651686
10695901
10697047
10697158
10697201
10697291
10697357
10697460
10697478
10697516
10697676
10698301
10714141
10735661
10735788
10735853
10735897
10736023
10736041
10736149
10736473
10736675
10736933
10737020
10759900
10847884
10900650
10900716
10900737
10900841
10901076
10901138
10901185
10901255
10901256
10901265
10901390
10901464
10901471
10901644
10901753
10901861
10901957
11135413
11135420
11135691
11135836
11136044
11136681
11136748
11136867
11136906
11136935
11137013
11137077
11137098
11137112
11137220
11205736
11237268
11237315
11237345
11237445
11237507
11237561
11237634
11237902
11237985
11238215
11332223
11332279
11332322
11332416
11332424
11332434
11332521
11332666
11332860
11333100
11333377
11462717
11484493
11504411
11504424
11504491
11504535
11504562
11504662
11504739
11504899
11504978
11505123
11505254
11505384
11529337
11591544
11591768
11591877
11591909
11592572
11592633
11592728
11592755
11592757
11592779
11592917
11592928
11592932
11593017
11593064
11593066
11593128
11593268
11714597
11774577
11789153
11852486
11852684
11852712
11852873
11853155
11853382
11853440
11853601
11853646
11853673
11853973
11854053
11854244
11854254
11954416
12038816
12038910
12038955
12039050
12039234
12039301
12039390
12039505
12039534
12039652
12039725
12039763
12039840
12039952
12040188
12040328
12073502
12080391
12080732
12080914
12080938
12081030
12081051
12081083
12081126
12081190
12081206
12081369
12081445
12146999
12167455
12167692
12168240
12168296
12168349
12168375
12168471
12168491
12168573
12168581
12168598
12168724
12168746
12168800
12168826
12168872
12168877
12214300
12223759
12224362
12224397
12224462
12224785
12224935
12280821
12281103
12281504
12282230
12282818
12282834
12282922
12282971
12282990
12282991
12283055
12283164
12283170
12283510
12343323
12343453
12343472
12343477
12343484
12343637
12343667
12343814
12343917
12343958
12344012
12373599
12385243
12385437
12385449
12385601
12385604
12385608
12385775
12385791
12386460
12508003
12508057
12508233
12508313
12508316
12508512
12508530
12508540
12508574
12508651
12508654
12508799
12508885
12509105
12660922
12683960
12689925
12689944
12690046
12690254
12690399
12690416
12690435
12690459
12690535
12690556
12690635
12690681
12834256
12834257
12834261
12834444
12834588
12834640
12834711
12834789
12834875
12834916
12834997
12835201
12872019
12872227
12872248
12872459
12872488
12873021
12873197
12873198
12873231
12873380
12873384
12873433
12873709
12873736
12939291
12939320
12939473
12939615
12939670
12939768
12939833
12939868
12939970
12939974
12939991
12940032
12940033
12940044
12940118
12940128
12940343
13009671
13054003
13056206
13057151
13057297
13057346
13057357
13057444
13057452
13057458
13057462
13057505
13057545
13057566
13057596
13057652
13057657
13057768
13109880
13110707
13110830
13111342
13111356
13111454
13111468
13111537
13111611
13111640
13111662
13111796
13111801
13111947
13111977
13112025
13141907
13265285
13311812
13321248
13433134
13433319
13433424
13433654
13433702
13433718
13433871
13434424
13434460
13434572
13464245
13464252
13464284
13464331
13464420
13464423
13464458
13464471
13464583
13464774
13464794
13464821
13533744
13579726
13661390
13661508
13661958
13662013
13662777
13662790
13662798
13662813
13662925
13662940
13663188
13663202
13663230
13663258
13663372
13663457
13663484
13663545
13663645
13663775
13707356
13740113
13740164
13740248
13740297
13740343
13740472
13740959
13741128
13741356
13741365
13783069
13783372
13783392
13783467
13783494
13783599
13783631
13783651
13783651
13783704
13783778
13783798
13783809
13783901
13783932
13784016
13811894
13812077
13812222
13812334
13812453
13812460
13812580
13812598
13812604
13812658
13812718
13812722
13812729
13812901
13847681
13847742
13847766
13847803
13847803
13847971
13847986
13847991
13848359
13848492
13848631
13848653
13880621
13882052
13882204
13882280
13882373
13882469
13882516
13882646
13882667
13882856
13882877
13882890
13882897
13931237
13985865
14014322
14021248
14021268
14021633
14021676
14021784
14021837
14021943
14022057
14022070
14022113
14022165
14022202
14022218
14022246
14022290
14022305
14076636
14084678
14084795
14084822
14084851
14084907
14084982
14085015
14085177
14085216
14085217
14085238
14085306
14085324
14085382
14085501
14085580
14145801
14148089
14148110
14148271
14148277
14148386
14148507
14148562
14148573
14148644
14148644
14148689
14148725
14148736
14148838
14148922
14148924
14149088
14149094
14149118
14230572
14250760
14250840
14250868
14250898
14250946
14251000
14251007
14251173
14251183
14251544
14251756
14251930
14324519
14352297
14461401
14461562
14461938
14462103
14462764
14462795
14462820
14462827
14462836
14462919
14462957
14462966
14462994
14463047
14463150
14463216
14463278
14463560
14546116
14546122
14546299
14546399
14546479
14546818
14547049
14547128
14547242
14547506
14557129
14629918
14630056
14630059
14630063
14630109
14630139
14630163
14630200
14630271
14630335
14630394
14630490
14630534
14631151
14677366
14678036
14678235
14678299
14678356
14678453
14678491
14678517
14678535
14678541
14678589
14678593
14678609
14678717
14678718
14678718
14678828
14679298
14748966
14749218
14749329
14749487
14749620
14749640
14749737
14749814
14749838
14749850
14749852
14749993
14750048
14750105
14750188
14750212
14750260
14750396
14872540
14873791
14873827
14873878
14873895
14873951
14873966
14873967
14873972
14873990
14874075
14874099
14874138
14874209
14874365
14895988
14942819
14942915
14943025
14943450
14943478
14943568
14943594
14943673
14944005
14944137
14944552
14944598
14944666
