15000000
5410
20772
84926
103069
103110
103271
103274
103384
103438
103463
103487
103521
103569
103642
103689
103784
103786
103789
103957
123331
145408
145949
145964
146247
147001
147589
147610
147646
147698
147710
147733
147793
147795
147824
147839
147851
147949
147953
147987
148005
148040
148068
185790
185824
185843
185904
185910
186045
186072
186087
186088
186221
186281
186283
186292
186370
186380
186479
186511
186516
186578
186611
186636
186673
186701
186753
290081
331906
332136
332274
332424
332473
332492
332524
332533
332566
332566
332655
332655
332656
332661
332707
332755
332787
332810
332823
332861
332919
333044
333114
360936
419207
419217
419327
419342
419531
419570
419588
419638
419696
419720
419808
419944
519538
519676
519994
520033
520360
520388
520546
520663
520688
520704
520761
520774
520785
520814
520844
520871
520889
520892
520988
520989
520994
521039
521185
521193
521203
521359
585473
585509
585518
585530
585585
585626
585647
585666
585705
585731
585737
585803
585837
585853
585866
585881
585981
585992
586017
586430
638052
756513
759050
759193
759262
759298
759333
759463
759516
759526
759579
759814
759854
760651
760657
760963
928210
1014186
1057393
1063441
1063450
1063456
1063469
1063488
1063554
1063584
1063639
1063713
1063722
1063730
1063790
1063836
1063861
1063865
1063872
1063974
1064014
1064168
1064195
1064196
1064295
1099381
1099395
1099431
1099470
1099484
1099578
1099586
1099591
1099603
1099699
1099706
1099713
1099728
1099875
1099977
1100003
1100036
1100044
1100103
1139824
1141097
1167537
1167677
1167899
1167942
1168018
1168093
1168228
1168338
1168381
1168435
1168569
1168667
1168669
1168677
1168747
1168777
1168875
1168896
1168898
1168914
1169114
1169164
1271739
1271784
1271808
1271926
1271929
1271948
1271966
1271990
1272065
1272107
1272110
1272148
1272254
1272289
1272301
1272351
1272426
1272428
1272457
1272489
1272515
1272591
1272852
1341229
1341235
1341266
1341273
1341283
1341391
1341394
1341397
1341399
1341532
1341537
1341550
1341566
1341623
1341635
1341687
1341704
1341712
1341797
1341883
1364038
1457638
1489747
1491814
1491864
1491866
1491886
1491927
1491931
1491943
1491989
1491999
1492050
1492086
1492093
1492098
1492186
1492189
1492211
1492242
1492278
1492329
1492508
1537966
1557878
1557915
1557931
1557938
1557979
1558010
1558038
1558079
1558125
1558147
1558199
1558230
1558232
1558269
1558344
1558354
1558394
1558420
1558456
1558465
1683013
1683055
1683075
1683153
1683166
1683203
1683207
1683278
1683347
1683370
1683378
1683419
1683426
1683475
1683498
1683534
1683545
1683593
1683608
1683651
1683679
1683705
1683787
1683792
1683803
1683881
1733228
1733299
1733595
1733816
1733879
1733907
1734015
1734030
1734163
1734339
1734360
1734413
1734421
1734630
1734667
1734749
1734812
1734913
1735086
1814274
1814293
1814382
1814412
1814513
1814598
1814600
1814682
1814808
1814857
1814895
1814981
1815195
1815277
1815324
1889179
1896418
1896442
1896613
1896857
1896910
1897694
1897695
1897766
1897785
1897792
1897837
1897856
1897866
1897879
1897922
1897966
1897989
1897997
1898080
1898144
1898158
1898187
1966897
1998208
1998334
1998335
1998449
1998469
1998846
1998878
1998974
1998991
1999023
1999060
1999081
1999087
1999143
1999164
1999165
1999181
1999187
1999266
1999281
1999282
1999282
1999323
1999365
1999387
1999527
2037575
2037595
2037612
2037650
2037772
2037830
2037874
2037956
2038130
2038346
2038424
2038442
2038458
2038524
2038617
2038683
2038733
2038858
2038879
2038911
2096348
2196109
2196475
2196678
2196810
2196866
2196966
2196978
2197036
2197091
2197131
2197221
2197236
2197276
2197345
2197410
2197450
2197474
2197516
2197534
2312032
2312512
2312612
2312615
2312659
2312727
2312762
2312838
2312868
2312914
2312975
2312993
2313037
2313090
2313115
2313150
2313556
2527566
2527569
2527826
2527863
2528298
2528305
2528332
2528383
2528483
2529099
2529103
2529108
2529238
2529264
2529332
2591736
2591789
2591883
2591894
2591938
2591995
2592037
2592062
2592076
2592126
2592188
2592226
2592269
2592299
2592306
2592332
2592358
2592385
2592404
2592467
2592495
2592744
2647311
2665131
2665174
2665213
2665248
2665359
2665451
2665461
2665499
2665583
2665719
2665769
2665774
2665924
2665951
2665958
2665967
2666017
2666100
2666153
2666156
2666261
2688596
2863598
2896448
2897114
2897114
2897249
2897303
2897696
2897731
2897746
2897768
2897836
2897926
2897929
2897930
2897936
2898055
2898068
2898112
2898164
2898368
2898421
2898425
2972754
2972762
2972769
2972770
2972820
2972900
2972931
2972940
2972966
2973061
2973120
2973183
2973223
2973393
2973419
2973490
3021790
3021809
3021818
3021859
3021867
3021886
3021890
3021938
3021947
3021996
3022036
3022038
3022108
3022117
3022155
3022176
3022192
3022210
3022250
3022448
3071936
3071987
3072040
3072068
3072104
3072168
3072214
3072235
3072304
3072902
3072924
3072930
3072949
3073002
3073034
3073097
3073110
3073140
3073237
3073245
3073294
3073355
3073536
3137744
3287338
3287352
3287518
3287651
3287666
3288661
3288680
3288709
3288726
3288742
3288828
3288843
3288869
3288894
3288917
3288944
3288947
3288995
3289031
3289031
3289068
3289083
3289105
3289133
3289225
3339102
3342330
3342950
3343072
3343124
3343244
3343250
3343333
3343433
3343565
3343573
3343577
3343721
3343722
3343763
3343803
3343853
3343863
3343863
3343871
3343935
3344025
3344030
3344132
3368433
3368522
3368530
3368558
3368674
3368747
3368875
3368934
3369172
3369175
3369180
3369308
3369323
3369358
3369359
3369371
3369450
3369475
3369501
3369513
3369522
3369682
3399847
3461554
3474447
3507137
3673419
3776345
3814642
3814760
3814785
3814871
3814890
3815027
3815031
3815054
3815059
3815163
3815164
3815166
3815181
3815192
3815328
3815331
3815332
3815344
3815575
3815663
3846658
3846907
3846913
3846998
3847363
3847370
3847397
3847527
3847912
3917947
3962050
3962071
3962087
3962173
3962247
3962262
3962375
3962377
3962391
3962441
3962442
3962526
3962574
3962606
3962633
3962658
3962703
3962726
3962749
3962774
3962811
3962814
3962973
3990300
4004807
4074513
4074526
4074549
4074566
4074666
4074806
4074845
4074854
4075001
4075031
4075093
4075102
4075117
4075129
4075135
4075173
4075200
4075203
4075242
4075262
4075304
4075344
4075345
4075348
4075428
4075444
4075454
4148781
4148798
4148805
4148811
4148898
4148998
4149052
4149073
4149129
4149187
4149195
4149242
4149266
4149379
4149461
4149903
4305313
4306443
4306461
4306934
4306998
4307048
4307093
4307122
4307152
4307215
4307222
4307243
4307259
4307320
4307345
4307355
4307368
4307369
4307487
4307530
4307540
4307640
4307716
4307785
4391796
4403820
4466913
4467030
4467046
4467052
4467167
4467237
4467255
4467340
4467355
4467405
4467445
4467513
4467567
4467733
4467829
4467845
4498353
4525833
4553415
4757405
4757426
4757428
4757429
4757466
4757573
4757581
4757596
4757622
4757713
4757718
4757751
4757831
4757851
4757862
4757878
4757998
4758004
4758053
4758259
4779541
4785309
4857820
4933449
4988477
5079522
5147311
5223725
5323932
5350040
5350748
5351085
5351330
5351751
5351845
5351972
5351973
5351978
5351997
5352106
5352139
5352141
5352171
5352318
5352709
5372029
5372146
5372203
5372280
5372289
5372309
5372366
5372369
5372443
5372482
5372497
5372543
5372658
5372674
5372685
5372758
5372777
5372844
5372858
5372927
5437959
5496297
5513654
5513702
5513712
5513855
5514018
5514044
5514227
5514259
5514374
5514485
5514497
5514504
5514511
5514519
5514642
5514646
5514661
5514709
5514787
5514805
5514809
5514866
5514991
5539704
5557848
5607804
5610544
5610658
5610699
5610699
5610928
5610952
5610987
5610989
5611090
5611101
5611132
5611212
5611217
5611259
5611306
5611472
5648876
5682054
5682274
5682384
5682468
5682847
5683018
5683414
5683429
5683434
5683441
5683450
5683522
5683539
5683553
5683563
5683608
5683640
5683665
5683672
5683679
5683691
5683697
5683805
5683851
5683856
5683893
5790058
5921822
5922216
5922238
5922243
5922399
5922629
5922660
5922721
5922818
5923150
6023340
6023441
6023483
6023497
6023505
6023579
6023614
6023621
6023636
6023638
6023744
6023748
6023753
6023832
6023846
6023861
6023868
6023903
6023904
6024015
6024038
6024109
6024220
6071459
6071489
6071549
6071653
6072059
6072412
6072497
6072516
6072559
6072578
6072581
6072642
6072658
6072702
6072734
6072742
6072766
6072799
6072804
6072838
6072864
6072961
6072977
6073002
6160270
6172142
6210164
6210215
6210218
6210225
6210268
6210362
6210367
6210371
6210473
6210475
6210603
6210607
6210725
6210748
6210917
6210926
6210942
6210947
6211011
6255737
6336235
6361951
6384066
6384653
6384738
6384785
6384803
6384948
6384974
6385048
6385079
6385094
6385216
6385305
6385388
6385390
6385444
6385510
6385592
6385665
6385692
6385780
6463070
6521277
6522350
6522373
6522471
6522525
6522580
6522651
6522653
6522884
6523062
6523190
6523241
6523281
6523285
6523287
6523336
6523342
6523364
6523421
6523459
6523464
6523512
6523592
6523612
6541578
6568820
6586993
6587205
6588146
6588195
6588232
6588349
6588357
6588367
6588394
6588470
6588493
6588508
6588530
6588563
6588667
6588699
6588804
6588881
6588895
6589002
6589180
6644073
6658855
6689614
6689654
6689731
6689759
6689796
6689803
6689860
6689866
6689883
6689926
6689928
6689933
6689935
6690024
6690030
6690033
6690082
6690102
6690107
6690220
6690273
6690419
6790227
6858928
6888277
6888381
6888395
6888403
6888514
6888531
6888534
6888546
6888598
6888667
6888710
6888792
6888864
6970553
6971266
6971574
6971609
6971644
6971744
6971792
6971852
6971924
6972106
6972107
6972129
6972146
6972215
6972246
6972263
6972267
6972334
6972386
6972404
6972417
6972433
6972578
6972580
7015065
7032429
7101756
7101762
7101763
7101833
7101844
7101874
7101893
7101900
7101944
7102035
7102050
7102098
7102104
7102186
7102217
7102266
7102266
7102584
7102733
7102750
7182175
7182201
7182301
7182372
7182488
7182529
7182605
7182607
7182637
7182638
7182662
7182762
7182792
7182809
7182870
7183035
7183069
7183147
7183252
7221760
7222028
7222069
7222164
7222190
7222227
7222306
7222384
7222433
7222446
7222528
7222623
7222644
7222649
7222723
7222742
7222749
7222774
7222775
7222797
7222876
7222879
7222927
7222942
7223066
7223133
7359983
7360059
7360224
7360268
7360392
7360400
7360409
7360442
7360543
7360550
7360568
7360599
7360613
7360673
7360703
7360711
7360753
7360756
7360873
7360911
7360958
7361023
7500447
7500482
7500944
7502024
7502025
7502125
7502198
7502218
7502257
7502270
7502354
7502382
7502426
7502453
7502483
7502484
7502575
7502583
7502584
7502714
7502719
7502746
7551201
7551411
7551476
7551586
7551722
7551771
7551809
7551874
7551907
7552057
7552066
7552196
7552241
7552274
7552301
7552371
7552399
7552413
7552438
7552499
7585908
7597524
7597624
7597658
7597667
7597774
7598535
7598677
7598680
7598725
7598796
7598854
7598857
7598861
7598919
7598952
7598961
7599049
7599142
7599143
7599163
7599188
7599278
7599327
7599429
7699614
7699757
7699793
7699829
7699860
7699893
7699976
7700028
7700106
7700594
7700630
7700653
7700785
7700796
7700833
7700848
7701220
7742249
7743623
7743821
7745120
7745130
7745133
7745173
7745262
7745274
7745297
7745317
7745427
7745445
7745453
7745454
7745591
7745628
7745717
7776470
7833563
7872646
7960203
7960204
7960277
7960413
7960483
7960735
7960743
7960806
7960899
7961001
7961040
7961076
7961145
7961163
7961166
7961254
7961266
7961266
7961314
7961388
8001942
8002155
8002187
8002199
8002202
8002374
8002393
8002441
8002478
8002542
8002554
8002570
8002598
8002692
8002706
8002759
8002789
8002816
8002835
8002859
8207109
8207120
8207152
8207235
8207317
8207361
8207509
8207518
8207574
8207710
8276065
8276067
8276154
8276186
8276275
8276458
8276572
8276607
8276634
8276857
8276956
8277102
8277156
8277174
8277221
8277279
8277289
8277336
8308814
8364369
8364477
8364490
8364508
8364528
8364628
8364651
8364679
8364729
8364777
8364829
8364829
8364836
8364901
8365140
8414932
8478436
8540969
8559708
8562869
8607757
8608083
8608615
8608981
8609049
8609344
8609364
8609451
8609563
8609669
8609717
8609827
8609848
8609902
8609917
8610115
8610325
8630129
8682011
8682019
8682033
8682237
8682396
8682403
8682410
8682496
8682676
8682720
8682736
8682820
8682912
8682915
8682935
8682944
8683063
8683082
8683096
8683104
8683229
8683254
8683313
8744418
8995316
8998901
9011099
9011147
9011420
9011559
9012189
9012256
9012261
9012314
9012315
9012316
9012339
9012381
9012422
9012469
9012484
9012493
9012535
9012616
9012650
9012679
9012750
9012897
9156397
9175027
9218427
9220868
9221421
9222175
9222224
9222234
9222300
9222301
9222359
9222362
9222395
9222396
9222396
9222467
9222484
9222549
9222550
9222559
9222569
9222656
9276660
9365312
9365499
9365504
9365591
9365869
9365907
9365951
9365965
9366089
9366104
9366110
9366214
9366310
9366373
9366649
9366830
9406084
9445002
9502961
9503636
9504116
9504388
9504406
9504434
9504508
9504541
9504585
9504594
9504615
9504694
9504723
9504769
9504798
9504880
9504895
9504995
9505092
9505097
9505166
9505173
9603409
9613295
9613303
9613321
9613331
9613362
9613477
9613491
9613508
9613521
9613660
9613687
9613728
9613833
9613841
9613891
9613982
9650345
9650406
9650448
9650496
9650500
9650566
9650571
9650611
9650624
9650688
9650724
9650736
9650759
9650859
9650909
9651028
9651076
9651148
9763559
9763572
9763626
9763690
9763697
9763790
9763791
9763810
9763836
9764032
9764077
9764082
9764117
9764215
9764234
9764242
9764405
9764421
9785981
9786003
9786247
9786549
9786815
9786948
9786970
9787118
9787138
9787139
9787197
9787326
9787376
9787421
9787476
9929011
9929096
9929149
9929199
9929224
9929378
9929381
9929411
9929453
9929453
9929457
9929472
9929525
9929527
9929557
9929568
9929572
9929614
9929683
9929707
9929738
9929794
9929888
9929917
9929939
9981807
10010471
10010493
10010502
10010578
10010689
10010743
10010807
10010811
10010836
10010970
10010987
10011105
10011145
10011308
10011400
10082882
10129793
10175514
10255157
10255187
10255202
10255214
10255258
10255260
10255350
10255383
10255390
10255498
10255500
10255540
10255589
10255682
10255706
10255859
10255899
10255908
10256010
10256044
10336477
10406275
10406538
10406554
10406560
10406722
10406738
10406745
10406924
10406997
10407018
10407024
10407035
10407168
10407226
10407732
10468644
10469534
10469542
10469585
10469684
10469738
10469772
10469865
10469874
10469928
10470130
10470190
10470209
10470364
10470601
10524319
10650727
10650736
10650772
10650858
10650872
10650908
10650938
10651031
10651042
10651058
10651070
10651310
10651432
10651434
10651449
10651470
10651613
10651623
10651654
10651678
10651712
10651793
10695104
10696421
10697322
10697422
10697423
10697504
10697512
10697558
10697579
10697750
10697789
10697863
10697915
10697928
10698002
10698063
10698354
10735879
10735977
10735992
10735999
10736089
10736153
10736171
10736189
10736205
10736312
10736340
10736363
10736367
10736891
10760540
10900290
10900644
10900690
10900784
10900814
10900958
10900965
10900970
10901015
10901016
10901119
10901130
10901132
10901194
10901264
10901339
10901364
10901404
10901428
10901444
10901531
10901624
10901646
10901733
10901909
10971943
11033224
11135070
11135496
11135596
11135818
11135833
11136677
11136721
11136823
11136863
11136890
11136952
11137021
11137193
11137212
11137285
11137386
11237473
11237489
11237562
11237580
11237642
11237661
11237680
11237680
11237782
11237830
11237883
11237939
11237986
11238002
11238499
11268342
11332406
11332413
11332433
11332502
11332550
11332672
11332675
11332704
11332707
11332831
11332834
11332843
11332956
11333151
11333242
11333343
11333431
11504544
11504573
11504589
11504625
11504719
11504720
11504767
11504772
11504866
11504895
11504916
11504980
11504989
11505093
11505099
11505130
11505315
11505358
11505400
11505400
11591845
11591936
11592099
11592142
11592196
11592299
11592320
11592438
11592470
11592804
11592811
11592826
11592875
11592908
11592922
11592948
11593028
11593034
11593041
11593044
11593202
11593322
11593335
11593372
11593383
11619810
11803249
11852765
11852944
11852998
11853130
11853194
11853302
11853412
11853474
11853510
11853610
11853633
11853640
11853722
11853730
11853778
11853869
11853909
11853916
11854020
11854085
12038664
12038717
12038877
12038936
12039056
12039119
12039173
12039211
12039267
12039314
12039381
12039421
12039447
12039452
12039530
12039555
12039573
12039578
12039583
12039752
12039767
12080593
12080650
12080714
12080779
12080780
12080889
12080936
12080939
12081057
12081209
12081255
12081301
12081325
12081326
12081338
12081500
12081712
12081808
12115171
12147929
12166942
12167372
12167556
12167606
12167658
12167772
12167807
12168451
12168541
12168551
12168553
12168572
12168613
12168653
12168659
12168676
12168698
12168759
12168800
12168814
12168856
12168873
12168881
12169019
12169024
12207859
12223567
12223875
12224192
12224219
12224288
12224389
12224464
12224496
12224582
12224703
12225814
12281363
12281704
12281750
12281770
12281773
12281988
12282194
12282813
12282992
12283013
12283028
12283079
12283086
12283087
12283106
12283135
12283206
12283211
12283238
12283243
12283401
12283477
12316035
12343201
12343271
12343445
12343453
12343593
12343736
12343737
12343782
12343805
12343827
12343859
12343903
12343912
12343951
12343955
12343994
12344067
12344084
12344169
12344260
12385119
12385255
12385267
12385295
12385311
12385411
12385443
12385443
12385471
12385627
12385639
12385640
12385642
12385744
12385772
12385796
12385799
12385861
12385977
12386077
12508267
12508273
12508293
12508307
12508349
12508415
12508420
12508423
12508426
12508533
12508551
12508583
12508600
12508665
12508668
12508672
12508686
12508723
12508822
12508847
12583225
12584026
12690093
12690144
12690154
12690231
12690234
12690299
12690358
12690391
12690427
12690456
12690469
12690520
12690556
12690562
12690573
12690644
12690687
12690695
12690711
12690725
12690735
12690864
12690960
12690980
12691007
12834353
12834381
12834391
12834410
12834447
12834518
12834560
12834560
12834565
12834723
12834726
12834734
12834741
12834853
12834890
12834891
12835072
12835147
12835204
12835258
12864760
12872481
12872488
12872582
12872672
12872682
12872862
12872976
12873130
12873167
12873232
12873279
12873284
12873288
12873352
12873357
12873387
12873452
12873452
12873460
12873586
12873609
12873612
12873887
12930857
12939599
12939604
12939644
12939702
12939718
12939810
12939838
12939861
12939939
12939941
12939941
12939956
12940090
12940099
12940108
12940137
12940176
12940181
12940204
12940255
12940305
12940433
12940609
12968199
13056435
13056511
13056532
13056701
13056987
13057036
13057230
13057313
13057325
13057396
13057413
13057480
13057488
13057538
13057552
13057582
13057585
13057608
13057652
13057678
13057686
13057711
13057737
13057827
13110436
13110479
13110577
13110683
13110684
13110917
13111486
13111551
13111568
13111595
13111605
13111652
13111703
13111712
13111729
13111748
13111804
13111828
13111883
13111925
13111947
13112044
13112074
13112121
13141728
13320511
13377825
13408410
13432616
13432717
13432970
13433174
13433311
13433373
13433548
13433552
13433700
13433932
13433978
13434038
13434072
13434174
13434300
13464129
13464338
13464364
13464372
13464440
13464460
13464487
13464497
13464531
13464559
13464575
13464630
13464637
13464698
13464716
13464725
13464805
13464845
13464889
13464907
13464953
13464955
13464962
13534650
13563999
13598988
13660832
13661883
13662525
13662534
13662601
13662691
13662769
13662810
13662825
13662938
13663025
13663033
13663047
13663047
13663090
13663165
13663192
13663197
13663325
13663330
13663493
13663546
13663551
13663710
13697737
13740295
13740329
13740350
13740357
13740467
13740475
13740507
13740614
13740684
13740685
13740694
13740814
13740851
13740858
13741131
13781418
13782105
13783238
13783296
13783334
13783496
13783499
13783522
13783524
13783641
13783691
13783695
13783771
13783781
13783801
13783832
13783885
13783926
13783962
13784012
13784048
13784137
13784161
13811720
13811800
13812034
13812195
13812212
13812402
13812410
13812414
13812472
13812553
13812558
13812567
13812579
13812582
13812702
13812731
13812801
13812843
13812851
13812861
13812991
13813069
13847918
13847952
13847989
13848072
13848072
13848098
13848123
13848135
13848194
13848269
13848294
13848346
13848393
13848406
13848441
13866584
13876372
13881731
13881752
13881846
13881848
13881886
13882414
13882603
13882726
13882727
13882740
13882853
13882856
13882875
13882956
13883069
13956762
14020920
14020998
14021022
14021198
14021209
14021265
14021392
14021517
14021605
14021903
14021973
14022066
14022087
14022108
14022114
14022188
14022204
14022238
14022279
14022409
14022440
14022485
14022490
14084357
14084627
14084655
14084713
14084828
14084864
14084869
14084977
14084993
14085020
14085034
14085076
14085111
14085118
14085119
14085134
14085160
14085260
14085291
14085293
14085424
14085497
14085523
14085546
14085608
14117579
14145844
14146470
14148286
14148287
14148303
14148358
14148428
14148437
14148460
14148511
14148582
14148587
14148611
14148626
14148704
14148722
14148741
14148782
14148843
14148844
14148847
14148891
14148916
14149083
14149168
14149194
14149335
14227242
14250387
14250760
14250846
14250875
14250897
14251011
14251045
14251094
14251122
14251167
14251240
14251303
14251304
14251443
14251455
14251528
14251854
14252000
14274544
14284524
14348254
14348497
14350574
14375749
14460928
14461066
14461379
14461746
14462162
14462607
14462667
14462669
14462793
14462879
14462932
14462972
14463060
14463086
14463111
14463127
14463206
14463219
14463248
14463267
14463346
14545849
14546104
14546166
14546305
14546335
14546351
14546373
14546459
14546533
14546590
14546739
14546776
14546979
14547181
14547302
14547324
14547460
14605238
14628458
14628799
14628868
14629046
14630043
14630075
14630113
14630175
14630254
14630263
14630275
14630306
14630369
14630394
14630404
14630406
14630475
14630483
14630515
14630621
14630700
14630726
14630811
14676058
14676364
14676858
14676961
14678418
14678536
14678547
14678574
14678594
14678599
14678632
14678639
14678661
14678707
14678709
14678710
14678742
14678796
14678829
14678856
14678885
14678910
14679007
14679058
14721265
14748559
14748910
14749060
14749174
14749260
14749681
14749686
14749786
14749820
14749907
14749918
14749923
14749944
14749997
14749998
14750049
14750060
14750064
14750093
14750150
14750177
14750190
14750212
14750310
14775746
14805972
14872238
14873239
14873800
14873806
14873819
14873934
14873950
14873963
14873986
14874027
14874089
14874092
14874105
14874144
14874185
14874210
14874243
14874250
14874337
14874348
14874416
14874475
14942585
14942731
14942878
14942970
14943028
14943316
14943375
14943450
14943496
14943792
14943811
14943813
14943899
14943960
14944028
14944302
