15000000
2179
18618
19367
19571
19599
19750
19988
20107
20217
20317
20411
20490
20621
88694
139992
140130
140139
140347
140498
273835
311170
312289
312380
312412
312456
312551
312667
312784
392715
416580
428402
496863
497027
497158
497224
497283
497711
497762
497766
497770
497886
497926
497929
497980
498130
537110
560863
560904
560926
560927
560936
561080
561129
561142
598776
598944
599153
599382
599397
599541
599605
599645
599704
599705
599767
599864
599871
600171
684654
710868
710988
711142
711332
711672
711932
712166
712266
712266
712293
712417
712423
712433
712458
743688
778656
884990
942064
958700
1010467
1011635
1011889
1012000
1030649
1030852
1030926
1030989
1031117
1031209
1031475
1031485
1031497
1031512
1031643
1031708
1031709
1087818
1087894
1087910
1087945
1087964
1088091
1088122
1088169
1088245
1088339
1088356
1088690
1156157
1271490
1271629
1271727
1271750
1271770
1271870
1271887
1271915
1317823
1317919
1317998
1318019
1318031
1318077
1318136
1318138
1318177
1318205
1318349
1318355
1318491
1390479
1447864
1460823
1460853
1460937
1461113
1461125
1461507
1461520
1461554
1461560
1461621
1461665
1461681
1461686
1478033
1519277
1604395
1604448
1604653
1604689
1604886
1605023
1605024
1605205
1663271
1663456
1663641
1664369
1715146
1756019
1756949
1806650
1851288
1851731
1852079
1852239
1852881
1916875
1916927
1916996
1917134
1917216
1917277
1917900
1917934
1917971
1918007
1918085
1918177
1918223
1918368
1991579
2022919
2022963
2022977
2023055
2023075
2023077
2023078
2023089
2023191
2023234
2023255
2023276
2023417
2057156
2087131
2184944
2257159
2257228
2257432
2257466
2257660
2281196
2305589
2305823
2306100
2306117
2306183
2308980
2309111
2309157
2309516
2309752
2342780
2343887
2344054
2344197
2344208
2344466
2344611
2344757
2345006
2384052
2404660
2406498
2406505
2406670
2406717
2406727
2406754
2406882
2406905
2406924
2407103
2407109
2407235
2407268
2471449
2701961
2701992
2702104
2702109
2702238
2702964
2702965
2702975
2703298
2703857
2779322
2779426
2779597
2779697
2779815
2844516
2886128
3093787
3188225
3188334
3188442
3188471
3188526
3188762
3188772
3188870
3189050
3189809
3290388
3291451
3291496
3291542
3291551
3291579
3291617
3291642
3291729
3291801
3291825
3291829
3291901
3292074
3323165
3371833
3372855
3372915
3372950
3372983
3373015
3373054
3373064
3373120
3373125
3373180
3373252
3373319
3373420
3424660
3424952
3424996
3425093
3425173
3425356
3425578
3578394
3589590
3589735
3589759
3589823
3589859
3590017
3590035
3590364
3590448
3590492
3590548
3740193
3779646
3779690
3779749
3779805
3779877
3779996
3780018
3780090
3780237
3780276
3780356
3780454
3877084
3877487
3877758
3878053
3878226
3878682
3879736
3879764
3989485
4052076
4057757
4059642
4059712
4059764
4059764
4059908
4059935
4060005
4120009
4120655
4120701
4120801
4120847
4120924
4121056
4121078
4121188
4121188
4121327
4121434
4121442
4200607
4200612
4200662
4200754
4200765
4200856
4201008
4201033
4201068
4201071
4201168
4201188
4201199
4236010
4293773
4368158
4368196
4368220
4368255
4368416
4368419
4368568
4368677
4368809
4368945
4369043
4417637
4417666
4417793
4417830
4417839
4417982
4418001
4418045
4418145
4418231
4418239
4418285
4418398
4418403
4418451
4418487
4418594
4418857
4498374
4498381
4498509
4498523
4498540
4498559
4498644
4498721
4498750
4498761
4498999
4579868
4613211
4629578
4673176
4741315
4741940
4742305
4743853
4743899
4743973
4744135
4744252
4792990
4983296
4983303
4983331
4983441
4983485
4983513
4983625
4983757
4983774
4983881
5016575
5188603
5188703
5188776
5188807
5188850
5188969
5189082
5212990
5222974
5223514
5223871
5245311
5245588
5245667
5245871
5245908
5260817
5275937
5307511
5307538
5307585
5307599
5307608
5307685
5307747
5307756
5307773
5307777
5307927
5308067
5308135
5308372
5308411
5363085
5439487
5439571
5439735
5439861
5439996
5440309
5509943
5538389
5538610
5538664
5538858
5538919
5539117
5539351
5540024
5540257
5540479
5540641
5540769
5614286
5769107
5789134
5789155
5789360
5789364
5789375
5789422
5789480
5789484
5789501
5789508
5789524
5789601
5789639
5789649
5789794
5789806
5789990
5922254
5971972
6078546
6078665
6078806
6078854
6078937
6078956
6079053
6079076
6079087
6079392
6079587
6079696
6139108
6168647
6303905
6306914
6307464
6308013
6308018
6308219
6308247
6308452
6357419
6377502
6377534
6377663
6377689
6377692
6377724
6377725
6377855
6377890
6377908
6448662
6448667
6448744
6448769
6448822
6448944
6448998
6449123
6449327
6481440
6504904
6505502
6505511
6505525
6505547
6505667
6505713
6505782
6505830
6555074
6555139
6555234
6555425
6555469
6555800
6556001
6556022
6556066
6556142
6556236
6556290
6556370
6556392
6593859
6611265
6611508
6611514
6611523
6611725
6612165
6612290
6612303
6612315
6612377
6612507
6612515
6612520
6612557
6637606
6660142
6782079
6782123
6782248
6782261
6782318
6782340
6782355
6782392
6782478
6782513
6782535
6782553
6782701
6799491
6819459
6875090
6885663
6885672
6885719
6885727
6885795
6885863
6885875
6885913
6885914
6885964
6886013
6886028
6886109
6886117
6886128
6886153
6886204
6916473
6941247
6941308
6941394
6941415
6941461
6941491
6941526
6941541
6941625
6989879
6989903
6990052
6990065
6990096
6990238
6990269
6990455
6990495
6990793
7059503
7213621
7276645
7393015
7393222
7393270
7393347
7393382
7393501
7393562
7393623
7393794
7393932
7394029
7394045
7394055
7394093
7394118
7394187
7442718
7565841
7639178
7728627
7729629
7789272
7808506
7814916
7814994
7815016
7815137
7815141
7815173
7815268
7815278
7815295
7815348
7937330
7987285
7987299
7987396
7987407
7987433
7987557
7987577
7987607
7987622
7987707
7987861
7987963
8039631
8157212
8157292
8157313
8157359
8157359
8157368
8157471
8157500
8157516
8157556
8157662
8157726
8157870
8158297
8343056
8343088
8343158
8343173
8343215
8343244
8343297
8343375
8343404
8343424
8343524
8343807
8406417
8475760
8545751
8546015
8546098
8546235
8546415
8591004
8688819
8688875
8688878
8688949
8689011
8689084
8689129
8689133
8689219
8689874
8761268
8762022
8762071
8762092
8762254
8808812
8809029
8809208
8809450
8809541
8809870
8809873
8809887
8809976
8810106
8810177
8810263
8980608
8983050
9006464
9006562
9019137
9019178
9019244
9019321
9019372
9019453
9019489
9019701
9019883
9054992
9054998
9055119
9055134
9055290
9055375
9148921
9210754
9317264
9317314
9317462
9317581
9317594
9317709
9317969
9318048
9318049
9318218
9318544
9418462
9418511
9418560
9418636
9418652
9418667
9418676
9418823
9418833
9418998
9419004
9419085
9419095
9419105
9419280
9419285
9419298
9419326
9466563
9466985
9467154
9467822
9468888
9469222
9469363
9469384
9469437
9469502
9469571
9497182
9497258
9497302
9497529
9497581
9497628
9497632
9497665
9497666
9497808
9497816
9497869
9522203
9522228
9522321
9522347
9522367
9522423
9522423
9522435
9522570
9522601
9545169
9545178
9545274
9545352
9545358
9545371
9545432
9545443
9545497
9545561
9545570
9545597
9545844
9568493
9574373
9658056
9677448
9790673
9894924
9894949
9895021
9895043
9895057
9895110
9895158
9895179
9895258
9895285
9974685
9974922
9974946
9975027
9975053
9976015
9976099
9976277
9976508
9976527
9976628
10013437
10013451
10013499
10013587
10013602
10013842
10014013
10014026
10014036
10014046
10014162
10014205
10014222
10014301
10089311
10090479
10090607
10090619
10090675
10090699
10090749
10090788
10090814
10090837
10090891
10090950
10254774
10254945
10255046
10255081
10255285
10317558
10349665
10349689
10349781
10349817
10349839
10350003
10350041
10350056
10350188
10380784
10383770
10558432
10660898
10705492
10740316
10812138
10840386
10928964
11118067
11118429
11118699
11118720
11118844
11120524
11120584
11120746
11120831
11121250
11161752
11292410
11461893
11566778
11740320
11740583
11740665
11740806
11742462
11742747
11742842
11742918
11743075
11743090
11787685
11834490
11852657
11898192
11955116
11955146
11955264
11955283
11955298
11955301
11955388
11955395
11955415
11955510
11955552
11955560
11955561
11955803
11955833
11955837
12060207
12068940
12069598
12069630
12069827
12069829
12070135
12070736
12070745
12070839
12452399
12517264
12613649
12614199
12638868
12667020
12687993
12797535
12832476
12832625
12832661
12832756
12832776
12832884
12833365
12833420
12833526
12833557
12833736
12980730
12980941
12980999
12981167
12981334
12981713
12981729
12981756
12981834
12981873
12981906
12981915
12982054
13040801
13041947
13042135
13042182
13075995
13079253
13079445
13079451
13079501
13079510
13079513
13079726
13079832
13147360
13227485
13256457
13257201
13265402
13265402
13265557
13265629
13265632
13265740
13265815
13265872
13266053
13266057
13266279
13281980
13300049
13456674
13456807
13456991
13457124
13457244
13457382
13458053
13458098
13458260
13458382
13517874
13665590
13719261
13734777
13734856
13734861
13734887
13734925
13734953
13734999
13735006
13735048
13735054
13735196
13735215
13735331
13771053
13771222
13771385
13773282
13773334
13773576
13773911
13813282
13846647
13880260
13880289
13880517
13880529
13880550
13881550
13881732
13881733
13881753
13881757
13881892
13882011
14115102
14214562
14215210
14215577
14229208
14336311
14336325
14336444
14336447
14336466
14336593
14336607
14336622
14336783
14336825
14336835
14336874
14337117
14391050
14391325
14391607
14391638
14392776
14393097
14393147
14393155
14393330
14393386
14509955
14510079
14510225
14510285
14510413
14512136
14700814
14735776
14735988
14736446
14736990
14737132
14737152
14737231
14737236
14737246
14737305
14737317
14737361
14737431
14737436
14737458
14737544
14737644
14894150
14916584
14917647
14917713
14917739
14917747
14917890
14917893
14917960
14917992
14980247
