15000000
2892
103263
103405
103427
103434
103546
103670
103930
131457
145697
147248
147311
147529
147706
147792
147813
147830
147889
147957
147989
148017
148097
186114
186205
186410
186436
186455
186593
186621
186631
186658
186664
186850
186857
187015
227091
293049
331988
332003
332062
332162
332197
332319
332764
332838
332915
332967
418942
419420
419947
420099
420217
420238
420320
420397
420532
501962
520357
520413
520580
520603
520687
520841
520850
520876
520878
520886
521043
521074
521221
521357
537830
585244
585252
585462
585485
585585
585767
586015
586137
586146
586248
586453
743649
756465
758377
758461
758633
758642
759815
760170
760379
934143
984421
1015366
1063496
1063566
1063594
1063634
1063644
1063783
1063933
1063953
1064125
1064196
1098986
1099643
1099692
1099703
1099735
1099853
1099964
1100050
1100106
1100314
1165945
1168176
1168319
1168417
1168507
1168512
1168656
1168683
1168884
1270512
1271945
1271969
1272020
1272080
1272091
1272100
1272288
1272817
1272971
1273013
1273183
1319915
1341265
1341306
1341324
1341353
1341499
1341521
1341713
1341731
1341854
1341941
1341966
1342157
1491391
1491425
1491504
1491661
1491667
1492186
1557622
1557655
1557665
1557687
1557827
1557969
1558272
1581793
1682702
1682980
1683005
1683053
1683331
1683462
1683533
1683588
1683595
1683691
1683749
1683889
1683912
1734220
1734343
1734346
1734385
1734545
1734630
1734967
1734970
1734971
1735168
1814225
1814315
1814491
1814508
1814645
1815440
1897446
1897479
1897502
1897572
1897608
1897644
1897716
1897726
1897829
1897953
1941207
1961427
1998751
1998960
1998981
1998983
1999004
1999053
1999100
1999102
1999118
1999176
1999198
1999260
1999445
2037381
2038020
2038119
2038242
2038402
2038562
2038633
2038644
2038662
2038692
2138766
2197085
2197237
2197248
2197262
2197500
2197566
2197574
2312185
2312281
2313035
2313057
2313143
2313238
2313249
2313256
2313414
2527924
2527956
2527980
2528144
2528167
2528738
2528830
2529271
2529395
2591623
2591699
2591731
2591786
2591852
2591934
2592053
2592429
2592590
2592684
2647236
2665548
2665615
2665664
2665746
2665810
2665939
2666089
2666157
2666301
2666365
2705563
2897364
2897412
2897453
2897513
2897523
2897904
2898066
2898121
2898144
2898337
2919561
2958273
2972872
2973027
2973027
2973112
2973156
2973161
2973170
2973392
2973406
3021092
3021476
3021583
3021851
3022029
3022133
3022139
3022160
3022179
3022325
3022331
3072471
3072687
3072850
3072902
3072953
3073109
3073148
3073197
3073233
3073275
3073418
3073431
3095740
3175587
3235323
3284435
3288491
3288532
3288627
3288646
3288690
3288722
3288822
3288822
3288848
3288913
3289097
3342888
3342978
3343281
3343325
3343423
3343539
3343577
3343733
3343774
3343841
3343880
3344058
3344177
3368674
3368735
3368765
3368942
3369068
3369384
3369430
3369438
3369461
3369501
3369568
3369660
3369669
3446425
3471945
3518239
3636110
3662290
3777971
3815033
3815037
3815047
3815087
3815150
3815167
3815252
3842375
3846956
3847168
3847290
3847346
3962413
3962469
3962571
3962573
3962633
3962689
3962867
3962887
3963030
3985871
4020929
4074524
4074692
4074783
4074878
4075169
4075222
4075244
4075303
4075322
4075333
4075462
4075592
4106625
4147948
4147999
4148102
4148126
4149250
4149591
4149733
4149775
4149940
4307053
4307061
4307062
4307085
4307088
4307161
4307238
4307244
4307245
4307320
4307374
4307405
4307446
4372201
4467118
4467139
4467160
4467171
4467253
4467280
4467301
4506199
4553402
4686434
4757000
4757524
4757544
4757624
4757627
4757703
4757741
4757838
4758248
4758561
4919193
5076948
5087413
5198921
5302915
5348276
5348548
5348741
5349596
5351618
5351809
5351831
5352153
5352164
5352210
5352354
5372117
5372149
5372151
5372208
5372278
5372282
5372320
5372326
5372450
5372568
5425152
5471282
5514042
5514208
5514216
5514234
5514334
5514338
5514612
5514649
5514675
5514680
5514773
5514781
5514841
5514898
5610752
5610817
5610819
5610838
5610895
5611071
5611083
5611473
5611846
5662062
5682199
5683149
5683159
5683253
5683297
5683394
5683427
5683443
5683450
5683487
5683559
5683603
5683716
5683769
5683977
5922309
5922542
5922611
5922765
5922811
5923384
6023562
6023587
6023599
6023614
6023691
6023732
6023748
6023749
6023840
6023866
6023942
6023970
6072055
6072244
6072282
6072306
6072481
6072496
6072607
6072659
6072718
6073034
6138571
6182695
6210359
6210444
6210464
6210471
6210511
6210552
6210651
6210651
6210669
6210726
6210996
6255593
6384993
6385044
6385120
6385126
6385137
6385164
6385185
6385279
6385291
6385445
6469954
6518654
6521871
6522535
6522777
6522779
6522881
6523021
6523139
6523367
6523401
6523464
6523625
6586830
6588460
6588518
6588561
6588606
6588646
6588775
6588789
6588849
6588855
6689665
6689692
6689726
6689726
6689751
6689853
6689909
6689986
6690036
6690151
6690302
6849163
6886106
6888434
6888524
6888549
6888563
6888599
6888718
6888765
6888921
6971722
6971947
6972092
6972106
6972114
6972141
6972234
6972241
6972263
6972279
6972434
6972483
6972604
7066415
7095133
7101762
7101811
7101842
7101842
7101985
7102053
7102397
7102513
7102674
7102803
7178973
7181154
7182410
7182480
7182482
7182501
7182702
7182797
7182800
7183325
7183351
7219262
7222407
7222461
7222477
7222526
7222582
7222586
7222602
7222616
7222727
7222801
7222912
7252750
7357498
7357883
7359933
7360002
7360002
7360021
7360189
7360259
7360261
7360562
7360801
7377996
7401564
7416153
7501514
7501809
7501938
7502344
7502474
7502476
7502484
7502530
7502565
7502642
7502690
7551795
7552015
7552026
7552077
7552149
7552205
7552246
7552357
7552422
7552450
7597925
7598278
7598714
7598917
7598929
7599031
7599073
7599139
7599143
7599305
7599320
7599344
7697731
7700095
7700175
7700232
7700240
7700395
7700948
7745024
7745100
7745102
7745124
7745136
7745229
7745356
7745417
7745454
7745663
7745881
7893164
7956796
7960419
7960750
7960839
7960849
7960861
7960906
7961060
7961190
7961223
7961290
7961434
7962036
8002418
8002420
8002473
8002527
8002592
8002674
8002711
8002729
8002794
8002807
8002874
8003075
8030762
8133593
8206224
8206278
8206334
8206459
8206471
8207606
8208936
8267437
8276785
8276840
8276991
8276997
8277043
8277083
8277169
8277171
8277278
8277303
8277375
8277444
8277470
8337376
8364037
8364413
8364492
8364558
8364567
8364641
8364791
8364876
8365010
8553861
8607807
8608073
8609386
8609389
8609507
8609580
8609699
8609791
8646159
8682332
8682424
8682479
8682550
8682616
8682734
8683052
8683095
8683106
8683113
8683207
8683224
8683329
8683363
8767501
8786072
9005402
9009856
9010369
9012177
9012262
9012393
9012407
9012426
9012430
9012432
9012583
9012631
9012656
9153094
9206697
9221896
9221959
9221979
9222008
9222231
9222498
9222554
9222572
9222600
9222772
9222857
9222872
9256453
9278582
9365686
9365708
9365776
9365778
9366251
9366603
9367262
9470170
9504049
9504159
9504232
9504346
9504695
9504849
9504854
9504886
9504962
9505081
9613307
9613314
9613343
9613360
9613366
9613529
9613538
9613666
9648849
9649192
9649340
9649529
9650581
9650801
9651287
9651612
9688097
9762591
9763803
9763819
9763835
9763873
9764026
9786271
9786317
9786515
9786552
9786563
9786848
9787379
9787422
9787544
9788055
9895049
9913056
9929519
9929552
9929552
9929559
9929619
9929649
9929663
9929735
9929748
9929856
9929881
9929892
9929935
9961353
10010468
10010664
10010696
10010817
10010829
10010875
10011590
10011601
10011604
10011642
10255451
10255455
10255539
10255773
10255828
10255927
10256128
10330823
10406048
10406118
10406198
10406199
10406321
10407063
10407200
10407282
10407497
10407584
10449541
10469552
10469748
10469801
10470123
10470291
10470313
10470423
10470454
10470486
10470557
10522567
10557804
10603164
10633583
10649198
10649458
10651084
10651173
10651219
10651328
10651469
10651521
10651739
10651837
10651979
10696691
10696842
10696986
10697073
10697827
10697923
10698348
10698354
10698411
10698417
10698506
10735158
10736303
10736349
10736405
10736416
10736639
10759299
10870341
10900799
10900865
10900940
10900950
10900958
10901094
10901161
10901252
10901402
10901404
10901575
10958828
11136279
11136288
11136474
11136790
11136841
11136854
11137082
11137084
11237485
11237515
11237656
11237756
11237837
11237941
11332743
11332767
11332868
11332870
11332876
11332879
11333028
11333129
11333430
11373178
11504661
11504726
11504780
11504803
11504876
11504879
11505050
11592353
11592388
11592398
11592564
11592760
11592939
11592997
11593005
11593034
11593053
11593097
11593161
11593168
11611261
11625427
11670567
11851576
11853189
11853207
11853227
11853232
11853440
11853970
11854344
11854383
11854437
11975980
12009379
12038675
12038793
12039021
12039417
12039459
12039593
12039616
12039863
12039909
12039992
12080919
12080993
12081120
12081132
12081141
12081180
12081180
12081243
12081406
12166913
12167941
12168078
12168194
12168217
12168322
12168591
12168709
12168734
12168814
12168952
12168985
12198706
12223596
12224521
12224690
12224963
12225251
12281199
12282732
12282750
12282785
12282792
12282892
12282911
12282925
12283027
12283090
12283114
12283255
12342427
12343560
12343569
12343598
12343678
12343742
12343795
12343923
12343931
12343996
12385226
12385287
12385319
12385339
12385451
12385625
12385948
12386092
12386139
12386358
12507846
12508303
12508352
12508354
12508407
12508450
12508507
12508556
12508613
12508650
12508847
12640102
12688336
12690309
12690338
12690358
12690388
12690417
12690839
12691049
12691095
12744745
12834457
12834523
12834524
12834533
12834597
12834782
12835026
12835070
12835135
12835291
12835561
12872992
12873258
12873267
12873288
12873352
12873359
12873404
12873425
12873428
12873456
12873699
12939701
12939722
12939751
12939770
12939782
12939860
12939883
12939909
12939914
12939924
12969037
13021701
13055285
13057179
13057248
13057298
13057346
13057352
13057358
13057366
13057499
13057534
13057578
13057588
13057786
13057805
13057889
13110782
13110937
13111389
13111655
13111680
13111686
13111727
13111772
13111796
13111845
13111911
13112021
13112148
13143462
13144013
13160624
13262658
13349781
13413436
13431820
13433418
13433603
13433756
13434104
13434187
13434336
13434561
13464002
13464025
13464118
13464118
13464125
13464267
13464781
13464933
13465092
13544465
13662072
13662576
13662909
13662915
13662942
13663064
13663102
13663196
13663249
13663260
13663288
13663453
13663485
13663519
13740299
13740471
13740552
13740572
13740713
13740820
13783474
13783484
13783495
13783526
13783533
13783611
13783705
13783730
13783801
13783822
13784130
13810566
13812384
13812402
13812412
13812453
13812469
13812515
13812603
13812607
13812674
13847550
13847593
13847865
13848005
13848136
13848231
13848939
13882165
13882336
13882353
13882376
13882614
13883085
13883296
13883352
13883553
13883632
13915198
14019446
14021274
14021502
14021692
14021737
14022042
14022236
14022272
14022297
14022436
14022476
14022607
14022664
14082087
14084776
14084792
14084798
14084919
14085033
14085163
14085232
14085249
14085518
14085551
14085582
14124624
14147074
14148356
14148402
14148452
14148491
14148531
14148690
14148720
14148817
14148821
14148947
14148984
14149004
14226700
14238788
14250493
14250522
14250622
14250831
14251351
14251597
14251673
14251721
14251754
14251886
14362810
14403156
14460797
14462450
14462464
14462493
14462591
14462823
14462982
14463043
14463199
14463365
14463369
14463628
14545867
14546097
14546515
14546673
14546676
14547267
14547400
14547423
14547437
14547487
14547526
14547716
14629870
14629992
14630055
14630068
14630121
14630220
14630400
14630402
14630488
14630741
14678243
14678263
14678318
14678397
14678411
14678418
14678526
14678633
14678680
14678777
14678974
14679060
14679441
14727601
14748781
14748820
14749146
14749162
14749373
14749922
14750109
14750117
14750193
14750251
14750357
14873618
14873777
14873805
14873885
14873893
14874022
14874164
14874280
14874303
14874333
14874420
14942959
14943372
14943438
14943468
14943740
14944166
14944209
14944308
14944388
14966854
