15000000
1481
18226
19030
19291
20029
20109
20273
20339
20464
20492
20556
139819
140239
140251
140417
310710
312277
312429
312483
312529
314151
363361
401693
497289
497525
497548
497582
497752
497763
497764
497782
498149
560892
560980
561049
561218
561228
561245
561338
598631
599126
599169
599769
599853
600157
600190
600210
600266
600439
710439
711412
711433
711671
711687
712016
712640
742410
778331
1012155
1023834
1030700
1031077
1031204
1031397
1031480
1031482
1031531
1031547
1031556
1031638
1031664
1031731
1087629
1087745
1087826
1087916
1087937
1088316
1088439
1088582
1178016
1240002
1271122
1271252
1271664
1271778
1271934
1272184
1272390
1317998
1318004
1318068
1318152
1318168
1318169
1318382
1460360
1461039
1461343
1461511
1461537
1461621
1461844
1461899
1461974
1601177
1601985
1602818
1604690
1736080
1851009
1851427
1851723
1852740
1853729
1914890
1916930
1917167
1917318
1917509
1917708
1917775
1917809
1918131
1918281
2022489
2022915
2022969
2023050
2023149
2023212
2023252
2023498
2023623
2086461
2254928
2255431
2255995
2257265
2305724
2305912
2308330
2308421
2309387
2342469
2344524
2344630
2344744
2344790
2344902
2345098
2387548
2406559
2406658
2406740
2406802
2406839
2406870
2406964
2407029
2407195
2407223
2594984
2702291
2702302
2702324
2702555
2702691
2702836
2702863
2703095
2703263
2703285
2776874
2780069
2780478
2780643
2781248
2781313
2950614
2976394
3004982
3038257
3188557
3188638
3188808
3188845
3188964
3188967
3189299
3189696
3291186
3291321
3291324
3291541
3291583
3291679
3291716
3291723
3322548
3371006
3372678
3372710
3372752
3372874
3372891
3373010
3373068
3373208
3424736
3424879
3425016
3425107
3425422
3589049
3589575
3589689
3589846
3589867
3590273
3779923
3779953
3780040
3780138
3780155
3780176
3780408
3780443
3876130
3876437
3877342
3879588
3879628
3879748
3879751
4059649
4059670
4059776
4059839
4059988
4060281
4120492
4120541
4120666
4120849
4120879
4120978
4121056
4121111
4121167
4121531
4199677
4200380
4200509
4200519
4200883
4201062
4201304
4213630
4293071
4346206
4367215
4368001
4368212
4368541
4368671
4368866
4368937
4369003
4417840
4417900
4417959
4418032
4418059
4418093
4418191
4418226
4418384
4497907
4498374
4498391
4498491
4498636
4498744
4499006
4499051
4499538
4687509
4743638
4743717
4743790
4743822
4744189
4744262
4788800
4937198
4983324
4983533
4983555
4983558
4983579
4983898
5188713
5188721
5188738
5188922
5221870
5223560
5245230
5245541
5245750
5245823
5245986
5307217
5307414
5307494
5307628
5307631
5307749
5307860
5308149
5308272
5356031
5437883
5439704
5439907
5439991
5440178
5462315
5537821
5538761
5538771
5539950
5540098
5540218
5540321
5540334
5540818
5788515
5789383
5789480
5789511
5789541
5789576
5789644
5789695
5789752
5789898
5986753
6078751
6078768
6078856
6078926
6078990
6079087
6079173
6168211
6239473
6256429
6307816
6308100
6308296
6308649
6377526
6377623
6377771
6377778
6377791
6397875
6448700
6448784
6448838
6448880
6448936
6452611
6504293
6505383
6505553
6505588
6505789
6555430
6555510
6555612
6555768
6555955
6555984
6556041
6556050
6556327
6610136
6611026
6611187
6612040
6612122
6612222
6612433
6612433
6612505
6673811
6780795
6782212
6782223
6782354
6782474
6782551
6782625
6782974
6783078
6805049
6846593
6885800
6885881
6885920
6885954
6885985
6886023
6886038
6886055
6886124
6886127
6886173
6886228
6886399
6901793
6920527
6940447
6941230
6941279
6941477
6941564
6941674
6942084
6942188
6989943
6990106
6990224
6990263
6990393
6990480
6990832
7219587
7271117
7310529
7321090
7392980
7393378
7393559
7393807
7393860
7393897
7393911
7393933
7394031
7394171
7552676
7638853
7734316
7814883
7814946
7814973
7815092
7815134
7815169
7815344
7861895
7885947
7987471
7987537
7987595
7987703
7987708
7987803
8020055
8043572
8076495
8155839
8157400
8157435
8157476
8157510
8157675
8157699
8157720
8157739
8157908
8157962
8230760
8342205
8342641
8342916
8342945
8343046
8343151
8343319
8343854
8343999
8414682
8421521
8539580
8545831
8546052
8546529
8546822
8685051
8688814
8688976
8688982
8689020
8689248
8689618
8705701
8761464
8809023
8809101
8809235
8809392
8809416
8809837
8810754
8979872
9005857
9018493
9018932
9019119
9019171
9020058
9054584
9054734
9054955
9054961
9055083
9149420
9317264
9317449
9317586
9317609
9317694
9317816
9317926
9318151
9318458
9352172
9371729
9418374
9418490
9418563
9418680
9418768
9418871
9419022
9419180
9419283
9419527
9466435
9466740
9468570
9468993
9469066
9469293
9469510
9496395
9497361
9497417
9497641
9497668
9497679
9497854
9497964
9520912
9522300
9522404
9522473
9522494
9522593
9522659
9523290
9545016
9545041
9545050
9545219
9545296
9545365
9545449
9545671
9614997
9620489
9657660
9694861
9895018
9895048
9895093
9895123
9895290
9972339
9972733
9975537
9975716
9975867
9976063
9976177
9976208
9976227
10013225
10013310
10013334
10013462
10013605
10013994
10090146
10090204
10090400
10090556
10090671
10090698
10090753
10090804
10200929
10230615
10231388
10253976
10255728
10256853
10349861
10350046
10350077
10350316
10350508
10450569
10477675
10800151
10995261
11118811
11119521
11119915
11121005
11369441
11440612
11576586
11739494
11740493
11742068
11742318
11955175
11955231
11955246
11955315
11955384
11955540
11955554
11955609
11955625
12069957
12070020
12070184
12070283
12070317
12070579
12096086
12203833
12254582
12353646
12482658
12562775
12680240
12832408
12832521
12832742
12832745
12833321
12833355
12833553
12833554
12833620
12964125
12980914
12981132
12981220
12981321
12981567
12981680
12981781
12981825
12981922
13039532
13040519
13040828
13041070
13043200
13043702
13079335
13079986
13080516
13237741
13240515
13264413
13265408
13265427
13265607
13265764
13265901
13345491
13456466
13456748
13457129
13457529
13457892
13457993
13468158
13673930
13733923
13734725
13734806
13734875
13735005
13735006
13735202
13735223
13735310
13769586
13770461
13771051
13771411
13849305
13880248
13880624
13881233
13881277
13881517
13912361
14054237
14094771
14112780
14214140
14336445
14336500
14336564
14336691
14336724
14336726
14336871
14336900
14336993
14392733
14393233
14393233
14393309
14393354
14393397
14436348
14439807
14508823
14509636
14510939
14511264
14511784
14511787
14526070
14616578
14735521
14736876
14736961
14737060
14737197
14737204
14737310
14737456
14737499
14737553
14737772
14759634
14856572
14892038
14915254
14917680
14917752
14917802
14918040
14959088
14960927
