15000000
1137
54407
78841
126404
283070
336740
337046
337325
337396
337856
475685
476204
476520
476680
476846
543511
628643
628860
662768
692679
709779
769241
817437
835106
842871
843438
974143
974571
974577
974742
974928
1021738
1105113
1210112
1227597
1265871
1266029
1266187
1266516
1266523
1285112
1289514
1356015
1381606
1637260
1786220
1910371
2034763
2059220
2097881
2120354
2120493
2120597
2120619
2120634
2120914
2120935
2184268
2184678
2184725
2184725
2184825
2184842
2184855
2185040
2381614
2437527
2587200
2587256
2587402
2587568
2587620
2762383
2762672
2762766
2762796
2762907
2762991
2763099
2763121
2763284
2763394
2922592
2923574
3002807
3007709
3027592
3028630
3028728
3028865
3029502
3125250
3146912
3297313
3421931
3422063
3422421
3422497
3422548
3486980
3528661
3552012
3553736
3554664
3554867
3554929
3555003
3751270
3764769
3765854
3765929
3796568
3810008
3821306
3885629
3918955
3919020
3919237
3919457
3919673
3965828
4012325
4086419
4131195
4186814
4186978
4187015
4187118
4187119
4187138
4248367
4327013
4400345
4514174
4667954
4668420
4668634
4776995
4777080
4777200
4778056
4799376
4863726
4902972
4989831
4995941
5030446
5155776
5191237
5191239
5192049
5192261
5192286
5216987
5316893
5431100
5642541
5781642
5796401
5832889
5860114
5860528
5860786
5860806
5860876
5960635
5961807
6070836
6071489
6071710
6071870
6072065
6072300
6072366
6072396
6072615
6144386
6198591
6198885
6229916
6250961
6251090
6251348
6251383
6252248
6252572
6252798
6330103
6464236
6505248
6762980
6815717
6829698
6901919
7010901
7139568
7140008
7140672
7152090
7228054
7228176
7228263
7228373
7228406
7231028
7267105
7415909
7527973
7528448
7558158
7558331
7558675
7558781
7558783
7652205
7791017
7791482
7791518
7791758
7792508
7869440
7910422
7910972
7911216
7911566
7980690
7997678
7997901
7997938
7998462
8034753
8075230
8075382
8075668
8075768
8076615
8244046
8244886
8272181
8437603
8590679
8623376
8668245
8684430
8701416
8704022
8741822
8741870
8742051
8742092
8742273
8742494
8742672
8770377
8959215
8968728
8980613
9015623
9124691
9132078
9211041
9430765
9430824
9431037
9431120
9501031
9546494
9639561
9648182
9683422
9742998
9855067
9888089
9889427
9889954
9890135
9975881
9996853
9996883
10044277
10068060
10069856
10163637
10163946
10164117
10164147
10164897
10164949
10266772
10377341
10377796
10377836
10377987
10378081
10429467
10491049
10491436
10491867
10570704
10571154
10571291
10616961
10629698
10650422
10720801
10732556
10805035
10839928
10948810
10949032
10949068
10949431
10959076
11007632
11103125
11116094
11118056
11118314
11118826
11129263
11318842
11360388
11360899
11382903
11425805
11440967
11453689
11453896
11453953
11474291
11660855
11675176
11779119
11779268
11779413
11779597
11780041
11782429
11782904
11898994
11899014
11899075
11899152
11899353
11899601
11936184
12030937
12031000
12031061
12031165
12031294
12031357
12031489
12031521
12031529
12031589
12032136
12075665
12212055
12447873
12468443
12505303
12560338
12617230
12671714
12699897
12700687
12700778
12740060
12916581
13031507
13068425
13173230
13173455
13173692
13287317
13288037
13301864
13301990
13302010
13302022
13302146
13302191
13302291
13302313
13302347
13302558
13325734
13417464
13417920
13418633
13448568
13472622
13472939
13473000
13473283
13632420
13677162
13852792
13925585
13960819
13981537
14001112
14045115
14107213
14108020
14118832
14124417
14124538
14124709
14125486
14126135
14222363
14289487
14289668
14290069
14290424
14323886
14406787
14489927
14490023
14490129
14490154
14490328
14490347
14491031
14521012
14601092
14616733
14679861
14712994
14713937
14714450
14897211
