15000000
979
306555
337120
337127
337266
337269
337366
349899
451880
476359
476386
476440
476545
476580
543849
628506
675818
731796
772810
794801
837404
840734
974904
976047
986446
1022640
1069281
1215689
1266318
1266525
1266589
1266736
1268172
1285426
1285826
1299954
1412111
1442052
1636041
1746414
1785435
2036808
2120122
2120273
2120628
2120734
2120792
2121030
2184476
2184476
2184904
2184923
2184940
2185140
2439966
2544214
2561386
2586576
2586857
2586871
2587536
2763135
2763221
2763228
2763237
2763428
2763443
2763508
2763528
2764374
2792255
2934246
3028638
3028730
3028910
3028931
3029124
3183931
3233013
3260451
3317950
3422343
3422404
3422464
3422643
3422687
3450209
3533794
3555026
3555201
3555213
3555393
3680468
3765624
3765760
3765971
3766331
3919251
3919415
3919592
3919630
3919761
4031280
4063158
4187266
4187284
4187289
4187329
4188731
4393831
4465947
4466406
4472136
4507805
4762757
4776967
4777154
4777372
4777574
4805501
4862204
5150358
5190400
5190739
5191456
5192776
5312925
5317530
5376127
5520027
5552791
5573609
5610607
5735257
5777621
5860586
5860591
5861010
5891317
5897790
6024707
6071711
6071730
6071830
6071966
6072214
6072712
6072774
6251258
6251352
6251509
6251602
6251622
6252945
6299953
6323726
6359249
6597111
6801558
6871802
6899012
7097826
7139626
7140329
7140691
7227484
7227783
7228709
7228825
7230645
7525609
7558142
7558481
7558529
7558581
7703241
7746159
7764912
7792029
7792308
7794102
7794783
7910665
7910821
7910958
7911168
7913410
7975192
7997884
7998388
7999067
7999463
8034994
8075644
8075796
8075890
8076139
8124699
8221707
8258321
8331356
8453766
8550858
8589112
8740900
8741991
8742606
8742945
8743086
8793287
8892569
8892735
9017510
9133847
9195579
9325938
9403013
9430919
9430959
9431324
9431463
9440316
9541440
9647484
9709660
9710097
9730875
9758438
9851662
9889717
9890462
9890522
9890816
9893729
9956558
9993101
9993440
10163766
10163783
10164039
10164050
10164627
10196102
10216779
10217440
10227664
10237893
10378025
10378063
10378079
10378179
10454407
10508445
10534276
10813158
10840702
10856894
10879400
10949057
10949331
10949334
10949985
10983604
11114603
11117762
11118511
11215021
11378785
11426616
11453726
11453965
11453987
11454148
11454188
11555391
11624391
11675707
11717387
11778805
11779121
11779661
11780682
11780691
11877998
11899051
11899192
11899236
11899322
11899348
11924309
11951698
12031149
12031161
12031190
12031202
12031249
12031370
12031398
12031477
12031539
12076279
12190395
12203147
12444628
12700326
12700345
12700846
12747632
12848915
12890279
12910876
12923340
13032510
13173024
13173468
13173708
13301507
13301721
13301941
13301948
13301992
13302163
13302178
13302215
13330921
13388965
13415273
13417624
13418232
13473089
13473217
13473324
13473599
13497040
13566677
13633010
13810288
13874523
13967041
14083081
14083560
14124067
14125629
14125756
14125765
14125907
14289830
14290002
14290085
14290255
14319510
14418772
14487946
14488190
14489558
14490027
14490299
14490450
14490511
14490797
14553358
14597422
14601711
14624699
14708050
14713532
14960119
