15000000
1701
25139
37373
103786
103929
103971
104072
104074
104092
104198
128276
147354
147362
147433
147513
147684
147790
148338
184424
186007
186065
186390
186591
186619
186785
186845
255851
332468
332604
332623
418500
418881
419128
419221
420441
420763
451493
519534
520642
520731
520738
520862
520935
520978
521024
585432
585445
585632
585634
585765
586324
586346
586481
626823
721994
758788
758808
759062
759123
841919
953693
1062718
1063089
1063539
1063753
1063837
1064004
1098763
1099059
1099243
1099303
1100131
1168530
1168544
1168579
1168736
1169046
1169181
1239103
1271591
1271629
1271796
1271826
1272509
1341362
1341413
1341552
1468121
1491633
1491649
1491738
1491858
1491910
1557862
1558045
1683222
1683431
1683543
1684114
1684220
1684350
1733989
1734016
1734146
1734725
1734961
1734970
1814447
1814455
1814476
1814480
1814539
1897481
1897561
1897636
1897672
1897708
1898085
1898097
1998884
1998929
1998977
1999207
1999252
1999334
2037607
2037609
2037617
2038603
2038833
2153966
2196990
2197137
2197172
2197346
2197798
2197963
2225667
2281452
2312476
2312576
2312606
2312768
2528229
2528248
2528294
2528388
2529086
2529342
2529389
2529404
2556353
2591938
2592135
2592810
2592917
2665366
2665377
2665464
2665892
2666053
2666194
2666230
2693865
2706024
2727557
2847444
2896675
2896676
2896967
2897659
2972321
2972335
2972620
2973562
2973618
2973644
2973744
3021708
3021736
3021861
3021883
3022464
3039319
3072533
3072630
3072644
3072655
3072829
3073053
3073133
3096426
3267157
3288499
3288794
3288955
3288975
3342578
3342608
3342839
3343523
3343574
3343601
3343705
3343799
3343854
3368995
3369210
3369215
3369314
3369468
3369473
3369486
3369577
3369712
3460660
3473067
3712534
3737807
3814964
3814971
3815055
3815626
3848227
3848531
3848572
3848588
3917743
3946762
3962686
3962752
3962804
3962857
4074201
4074280
4074472
4074532
4075043
4075065
4075067
4110355
4148392
4148556
4149432
4211794
4245943
4306939
4306956
4306985
4307261
4307295
4307407
4379370
4467045
4467224
4467295
4467324
4467434
4467621
4468711
4572453
4643801
4757559
4757633
4757701
4757718
4757834
4757906
4884241
4903588
5089340
5108576
5240850
5322058
5351103
5351382
5351500
5351506
5351735
5352778
5368473
5369052
5372453
5372563
5464539
5512958
5513092
5513381
5513505
5514419
5514420
5514482
5611007
5611041
5611136
5646146
5683136
5683185
5683227
5683254
5683282
5683326
5683338
5683423
5683464
5683521
5683606
5683608
5683639
5922574
5922603
5922747
5923844
5923874
6023726
6023739
6023784
6023872
6024017
6024049
6024224
6060957
6072347
6072367
6072421
6072454
6072529
6072542
6072565
6072687
6072697
6072797
6183148
6196228
6210499
6210723
6210970
6211347
6309162
6338916
6368084
6385209
6385406
6484647
6522956
6523015
6523071
6523160
6523330
6523408
6579942
6588071
6588115
6588192
6588250
6588780
6588818
6626770
6689834
6689857
6689864
6689968
6690696
6784482
6852136
6886492
6886965
6889131
6910215
6971306
6971378
6971550
6971624
6971630
6972243
6972272
7052545
7101556
7101808
7101940
7102047
7103118
7103158
7182781
7182872
7222641
7222672
7222711
7222715
7222813
7222827
7222842
7222864
7222940
7255563
7360174
7360182
7360326
7360390
7360443
7360515
7499206
7502188
7502233
7502382
7502420
7502910
7502971
7552049
7552097
7552097
7552256
7552364
7552421
7598459
7598479
7598489
7598632
7599105
7599263
7599391
7664321
7700357
7700391
7700485
7700580
7700743
7700802
7701029
7731311
7744816
7744844
7744965
7745191
7840908
7960731
7960746
7960877
7960947
7961055
7961990
7974264
8002251
8002273
8002306
8002412
8002458
8002903
8134475
8159335
8206708
8207371
8207767
8207854
8276941
8276991
8277008
8277142
8277749
8364747
8364998
8365292
8607644
8608966
8609061
8609972
8644396
8682849
8682873
8682970
8683118
8683194
8764177
8786680
8878399
8954271
9012150
9012154
9012285
9012332
9012523
9089198
9207037
9207778
9222147
9222213
9222271
9222351
9222434
9222806
9281362
9349984
9365907
9365985
9366734
9366832
9366932
9367158
9504318
9504342
9504360
9504372
9504446
9504665
9505327
9586677
9612255
9613179
9613300
9613463
9613469
9613646
9649855
9650299
9650636
9651472
9651504
9730380
9763174
9763440
9763531
9763537
9786893
9787120
9787122
9787823
9788166
9929325
9929652
9929782
9929839
9929849
9930003
9992317
10010765
10010809
10011722
10255089
10255197
10255316
10255359
10256327
10256330
10287593
10406442
10406463
10406658
10407370
10407735
10408996
10428491
10469458
10470566
10470566
10522988
10523241
10634651
10650431
10650577
10650586
10650724
10651446
10651446
10651552
10697230
10697275
10697306
10697722
10735739
10735991
10736008
10736012
10736977
10788442
10870948
10871085
10871348
10901275
10901326
10901799
10901992
10902498
10959374
10988398
11136565
11136627
11136766
11136965
11137071
11137158
11149161
11237563
11237610
11237641
11237702
11237744
11253026
11330037
11332635
11333076
11333223
11333392
11333878
11426210
11504753
11504879
11504916
11505175
11505230
11505380
11592170
11592175
11592710
11592832
11592838
11592933
11592986
11593029
11593034
11593160
11593168
11660462
11774989
11852937
11853058
11853306
11853480
11854855
11920504
11941767
12039146
12039249
12039804
12039895
12039895
12040032
12040052
12040085
12040097
12080172
12080462
12080711
12080939
12081552
12095328
12132331
12168349
12168417
12168510
12168515
12168564
12168687
12168688
12168691
12168728
12225118
12225124
12225143
12225351
12248156
12267202
12281341
12281461
12281558
12281886
12283031
12283551
12343493
12343581
12343585
12343648
12343802
12385236
12385442
12385476
12385665
12508089
12508229
12508286
12509037
12553898
12650141
12684455
12690466
12690568
12690579
12690659
12704856
12745349
12745790
12765286
12834406
12834431
12834533
12834591
12834738
12835150
12872710
12872715
12873069
12873137
12873314
12873347
12939696
12939796
12939876
12939909
12940014
12940045
13052696
13057347
13057379
13057381
13057479
13057506
13057513
13057527
13111433
13111495
13111526
13111627
13111639
13111824
13111826
13263664
13424409
13433645
13433841
13433971
13434695
13434814
13434981
13451506
13464262
13464410
13464558
13464563
13464598
13464791
13590998
13662687
13662812
13663395
13663588
13663687
13664031
13740469
13740687
13741541
13783248
13783330
13783512
13783600
13783635
13783700
13783831
13812220
13812284
13812420
13812427
13812777
13812808
13826970
13847856
13847860
13847965
13847986
13849034
13881056
13881151
13881296
13882548
13882597
13882686
13882706
13882956
13909390
14019842
14021904
14021904
14021965
14022151
14022388
14038954
14077170
14082703
14084909
14085513
14085596
14085640
14085841
14148200
14148214
14148326
14148459
14148875
14148911
14149245
14251175
14251411
14252007
14252089
14252089
14252206
14285487
14399513
14462936
14462966
14462979
14463015
14463048
14463110
14463120
14463131
14463214
14546931
14547070
14547155
14547245
14547245
14547352
14547453
14547681
14630047
14630138
14630277
14630288
14630320
14630495
14630794
14644477
14678364
14678366
14678409
14678482
14678568
14678642
14678789
14749506
14749592
14749618
14749678
14749749
14749858
14749895
14749963
14815836
14873819
14873868
14873887
14874032
14874056
14874065
14874247
14943578
14943777
14943931
14944162
14944312
