15000000
4761
91801
102305
102826
103069
103316
103457
103562
103581
103623
103628
103725
103865
104170
146597
146692
146996
147222
147379
147475
147475
147498
147649
147677
147694
147705
147862
147869
147872
147952
148031
148084
148131
185645
185710
185804
185863
185889
185969
186052
186052
186078
186258
186331
186334
186350
186480
186493
186499
186553
186653
186664
186686
186816
186820
289498
330208
332104
332134
332299
332431
332501
332594
332594
332598
332700
332726
332756
332770
332878
332881
332925
332927
333107
417383
418947
418998
419270
419303
419600
419740
419936
420153
420210
420235
420348
420392
420507
420579
455480
520190
520262
520323
520364
520461
520513
520532
520619
520624
520640
520712
520731
520734
520766
520841
520904
520955
520978
521044
521045
521049
521632
583277
584879
585132
585342
585409
585623
585668
585674
585737
585759
585761
585825
585900
585936
586022
586117
586233
606969
653205
654054
705400
756735
756826
759038
759142
759673
759828
759854
759912
759924
760061
760065
760174
760319
760342
760525
832285
833360
1061379
1062885
1063013
1063185
1063361
1063644
1063719
1063722
1063734
1063753
1063862
1063927
1063960
1064022
1064047
1064083
1064124
1064204
1064215
1064234
1064325
1098641
1099055
1099154
1099280
1099345
1099480
1099496
1099505
1099738
1099838
1099873
1099897
1099911
1099926
1099994
1100024
1100073
1100084
1100100
1135176
1168059
1168277
1168388
1168428
1168488
1168525
1168574
1168640
1168644
1168656
1168713
1168749
1168752
1168780
1168889
1168894
1168928
1168998
1214786
1270953
1271363
1271639
1271807
1271834
1271893
1271951
1271965
1271982
1272086
1272103
1272182
1272200
1272262
1272290
1272406
1272423
1272542
1272740
1272796
1340922
1341000
1341100
1341100
1341129
1341290
1341390
1341430
1341448
1341450
1341686
1341719
1341742
1341748
1341879
1341886
1342038
1491403
1491601
1491608
1491616
1491769
1491792
1491828
1491834
1492044
1492064
1492122
1492200
1492204
1492309
1492313
1509471
1537388
1556160
1557172
1557702
1557849
1557859
1557860
1557869
1558033
1558126
1558132
1558134
1558281
1558316
1558343
1559000
1682300
1682796
1683108
1683138
1683160
1683169
1683228
1683274
1683287
1683322
1683351
1683561
1683654
1683665
1683677
1683677
1683765
1683765
1683780
1683841
1732898
1733436
1733548
1733701
1734160
1734197
1734227
1734298
1734426
1734451
1734514
1734546
1734557
1734602
1734683
1734689
1734696
1734752
1812418
1814411
1814413
1814500
1814555
1814672
1814720
1814727
1814796
1814936
1815092
1815095
1815113
1815198
1837181
1862256
1897381
1897502
1897544
1897545
1897647
1897648
1897673
1897691
1897712
1897809
1897815
1897818
1897819
1897905
1897925
1897945
1898014
1942789
1998625
1998627
1998632
1998634
1998649
1998795
1998802
1998814
1998820
1998895
1998949
1998971
1998989
1998998
1999089
1999110
1999120
1999135
1999182
1999202
1999202
1999217
1999356
1999382
1999393
2037810
2037891
2037898
2037930
2037965
2038061
2038077
2038092
2038142
2038185
2038223
2038226
2038230
2038353
2038376
2038391
2038482
2038521
2038536
2038594
2195999
2196343
2196656
2196977
2197001
2197147
2197151
2197156
2197163
2197270
2197277
2197310
2197330
2197428
2197434
2197445
2197793
2311083
2312034
2312228
2312414
2312595
2312719
2312765
2312793
2312823
2312854
2312919
2312968
2313036
2313235
2313306
2313477
2383423
2432791
2483692
2490938
2506227
2528132
2528134
2528168
2528202
2528424
2528593
2528612
2528715
2528754
2528798
2528860
2528930
2529079
2529232
2529283
2529367
2529585
2591439
2591708
2591713
2591742
2591842
2591939
2591942
2591944
2592205
2592216
2592340
2592360
2592425
2592454
2592638
2592639
2592830
2628901
2665256
2665260
2665287
2665422
2665648
2665666
2665679
2665705
2665708
2665823
2665833
2665839
2665839
2666003
2666014
2666149
2666321
2832036
2897519
2897554
2897602
2897609
2897686
2897688
2897693
2897757
2897808
2897820
2897846
2897927
2898154
2898243
2898266
2898597
2972231
2972345
2972363
2972503
2972922
2972979
2973065
2973107
2973107
2973162
2973199
2973308
2973338
2973340
3021456
3021479
3021495
3021681
3021763
3021785
3021826
3021838
3021856
3021921
3021970
3021993
3022043
3022076
3022153
3022345
3022445
3072531
3072532
3072603
3072613
3072633
3072733
3072733
3072770
3072829
3072832
3072912
3072950
3072954
3072971
3072984
3073053
3073099
3073168
3073287
3073412
3121290
3200862
3287871
3288274
3288362
3288451
3288456
3288523
3288535
3288581
3288600
3288608
3288686
3288705
3288715
3288812
3288845
3288856
3288857
3288956
3288976
3288983
3289037
3342857
3343040
3343062
3343141
3343231
3343232
3343262
3343352
3343437
3343461
3343473
3343675
3343689
3343814
3343815
3343915
3343944
3343994
3344527
3368952
3368961
3368980
3369030
3369072
3369090
3369096
3369115
3369235
3369258
3369269
3369369
3369377
3369381
3369401
3369601
3369602
3369612
3369632
3511545
3581950
3814182
3814375
3814535
3814586
3814771
3814955
3814984
3815046
3815049
3815063
3815073
3815175
3815203
3815220
3815232
3815422
3815473
3815507
3815522
3844855
3846136
3846517
3847156
3847651
3847909
3848162
3848339
3961441
3961511
3961705
3961946
3962295
3962304
3962404
3962432
3962451
3962549
3962625
3962627
3962728
3962734
3962781
3962794
3962972
4074366
4074367
4074517
4074699
4074776
4074867
4074902
4074944
4074950
4074956
4075033
4075043
4075079
4075121
4075150
4075209
4075209
4075281
4075281
4075295
4148242
4148448
4148693
4148767
4148987
4149045
4149049
4149105
4149545
4149560
4149581
4149682
4149737
4149818
4149989
4150008
4252612
4306723
4306834
4306843
4306869
4306917
4307008
4307031
4307094
4307144
4307154
4307196
4307206
4307207
4307210
4307370
4307412
4307442
4307490
4330067
4331034
4396630
4466957
4466978
4467044
4467125
4467217
4467265
4467279
4467305
4467348
4467445
4467674
4467794
4467819
4467902
4467934
4467964
4467967
4468158
4539089
4660067
4681805
4757241
4757264
4757275
4757277
4757430
4757527
4757574
4757618
4757698
4757722
4757725
4757747
4757831
4757879
4757968
4758039
4758120
4860129
4894895
4987894
5229514
5267535
5297980
5349282
5349713
5351692
5351774
5351794
5351821
5351868
5351880
5351891
5352002
5352006
5352031
5352362
5371930
5371958
5372032
5372144
5372301
5372360
5372418
5372423
5372485
5372497
5372524
5372541
5372648
5372668
5372700
5372769
5372869
5477292
5513424
5513536
5513814
5514071
5514238
5514345
5514361
5514442
5514471
5514502
5514531
5514561
5514595
5514674
5514686
5514699
5514789
5514879
5610175
5610296
5610550
5610585
5610728
5610805
5610973
5610974
5611001
5611043
5611303
5611402
5649511
5683067
5683079
5683159
5683161
5683235
5683266
5683290
5683291
5683382
5683418
5683418
5683439
5683463
5683543
5683550
5683550
5683575
5683705
5683744
5683766
5688983
5740826
5922511
5922571
5922644
5922760
5922797
5922826
5922857
5922932
5922954
5923092
5923144
5923185
5924105
6023267
6023324
6023331
6023340
6023361
6023488
6023514
6023523
6023563
6023744
6023754
6023757
6023766
6023925
6023930
6023971
6024022
6024029
6024072
6024123
6024201
6024283
6071084
6072112
6072235
6072237
6072251
6072320
6072374
6072393
6072409
6072437
6072470
6072510
6072526
6072622
6072639
6072671
6072680
6072891
6208628
6209417
6209497
6209731
6209930
6210474
6210476
6210478
6210523
6210544
6210576
6210630
6210647
6210703
6210748
6210791
6210803
6210812
6210944
6211062
6252234
6306295
6361287
6383327
6384646
6384661
6384761
6384827
6384897
6384931
6384934
6385085
6385267
6385345
6385352
6385389
6385413
6385465
6385552
6385655
6385657
6472289
6509783
6522376
6522643
6522781
6522869
6522895
6522936
6522985
6523012
6523050
6523086
6523101
6523136
6523151
6523186
6523186
6523217
6523329
6523356
6523396
6523880
6551347
6587993
6588011
6588042
6588170
6588206
6588209
6588350
6588434
6588653
6588735
6588739
6588743
6588757
6588772
6588828
6588873
6588967
6588973
6589013
6650967
6689762
6689763
6689778
6689804
6689826
6689826
6689848
6689855
6689875
6689955
6689990
6689990
6690115
6690138
6690152
6690319
6690337
6690413
6698246
6888092
6888148
6888289
6888310
6888389
6888549
6888695
6888704
6888803
6888886
6888908
6888975
6888990
6889291
6920633
6971120
6971434
6971795
6971837
6971894
6971926
6971982
6971989
6972007
6972043
6972101
6972114
6972165
6972215
6972216
6972227
6972253
6972379
6972403
6972426
6972638
7083914
7101534
7101649
7101659
7101707
7101785
7101850
7101859
7101909
7101920
7101945
7102193
7102226
7102285
7102385
7102411
7102485
7102562
7102564
7102591
7102633
7156015
7181653
7181660
7182081
7182229
7182537
7182593
7182616
7182618
7182629
7182630
7182745
7182786
7182891
7182907
7182907
7183051
7183059
7183109
7183217
7183367
7221258
7221727
7221839
7222131
7222442
7222511
7222532
7222539
7222588
7222624
7222626
7222632
7222708
7222723
7222737
7222738
7222819
7222836
7222842
7223082
7358517
7359607
7360095
7360141
7360291
7360311
7360332
7360399
7360524
7360559
7360578
7360615
7360706
7360706
7360733
7360854
7360926
7361497
7497867
7498517
7500871
7501851
7501905
7502057
7502074
7502108
7502111
7502283
7502284
7502357
7502605
7502624
7502658
7502676
7502698
7502714
7502837
7502844
7503059
7531438
7551274
7551390
7551601
7551625
7551640
7551942
7551974
7552037
7552094
7552117
7552126
7552162
7552203
7552227
7552283
7552291
7552326
7552352
7552457
7598336
7598357
7598435
7598464
7598467
7598476
7598532
7598577
7598623
7598625
7598651
7598822
7598853
7598948
7599033
7599058
7599164
7599173
7599295
7599395
7599604
7610150
7648615
7698212
7699223
7700097
7700155
7700199
7700318
7700331
7700335
7700404
7700437
7700465
7700485
7700496
7700607
7700610
7700672
7700681
7744809
7744840
7744967
7744990
7745123
7745161
7745246
7745254
7745311
7745529
7745533
7745570
7745619
7777211
7857040
7960610
7960612
7960656
7960661
7960783
7960795
7960798
7960824
7960949
7960983
7961003
7961028
7961150
7961152
7961160
7961203
7961458
8001090
8001175
8001539
8002222
8002256
8002359
8002407
8002411
8002459
8002560
8002577
8002587
8002602
8002727
8002862
8002907
8002994
8003007
8003248
8139328
8180139
8206684
8206709
8206762
8207135
8207587
8207598
8207870
8207881
8208092
8208221
8208311
8208345
8208398
8208584
8276086
8276166
8276377
8276404
8276489
8276752
8276828
8276865
8276907
8276946
8276955
8276961
8276971
8277109
8277117
8277140
8277150
8277375
8363906
8364179
8364242
8364250
8364684
8364719
8364737
8364769
8364984
8365033
8365175
8365228
8365230
8433431
8477547
8538251
8583844
8606068
8608843
8608856
8608974
8609054
8609366
8609581
8609631
8609679
8609752
8609777
8609843
8609945
8609961
8609977
8610080
8681262
8682069
8682283
8682341
8682435
8682451
8682632
8682636
8682669
8682719
8682777
8682818
8682842
8682904
8682960
8682960
8683054
8683061
8683171
8683200
8683221
8743456
9000172
9011745
9011801
9011841
9011947
9011959
9012076
9012083
9012101
9012155
9012241
9012384
9012494
9012509
9012541
9012560
9012609
9012792
9012828
9012835
9129626
9222090
9222132
9222154
9222154
9222166
9222244
9222275
9222281
9222286
9222429
9222458
9222476
9222652
9222664
9222753
9222803
9222978
9223107
9364954
9365385
9365876
9365878
9365919
9366000
9366202
9366275
9366474
9366624
9366638
9366672
9366690
9366852
9404911
9504361
9504367
9504373
9504452
9504480
9504483
9504532
9504614
9504633
9504650
9504656
9504661
9504755
9504755
9504759
9504774
9504905
9504927
9505219
9505268
9505346
9611999
9613101
9613167
9613230
9613299
9613417
9613507
9613519
9613633
9613694
9613713
9613848
9613894
9613946
9649403
9649643
9649748
9649888
9650330
9650466
9650521
9650583
9650587
9650626
9650697
9650846
9651018
9651021
9651044
9651118
9717876
9763605
9763622
9763631
9763681
9763766
9763868
9764043
9764050
9764088
9764134
9764228
9764250
9764333
9764865
9786718
9786728
9786735
9786799
9786893
9786904
9786937
9786982
9787187
9787239
9787258
9787377
9787395
9787766
9928806
9928905
9928943
9929090
9929356
9929369
9929382
9929428
9929432
9929449
9929550
9929566
9929568
9929578
9929679
9929698
9929699
9929727
9929824
9929852
9929897
9930032
9930053
10010593
10010593
10010659
10010711
10011007
10011095
10011128
10011129
10011133
10011134
10011324
10011341
10011385
10011388
10198299
10255151
10255202
10255220
10255235
10255301
10255395
10255527
10255559
10255655
10255670
10255711
10255766
10255786
10255804
10255848
10255863
10255925
10255971
10256007
10405787
10406225
10406392
10406424
10406849
10406907
10406947
10407147
10407246
10407391
10407440
10407461
10407463
10407600
10407647
10407667
10407667
10407703
10429502
10469388
10469517
10469617
10469674
10470019
10470098
10470194
10470237
10470260
10470354
10470367
10470490
10470526
10470610
10547856
10622850
10650507
10650655
10650726
10650788
10650917
10651147
10651196
10651210
10651301
10651301
10651314
10651459
10651500
10651513
10651574
10651635
10651692
10651867
10697283
10697298
10697306
10697365
10697458
10697560
10697599
10697642
10697758
10697815
10697882
10697907
10697980
10697981
10698135
10698151
10698347
10698364
10735553
10735984
10736032
10736053
10736342
10736446
10736487
10736527
10736583
10736604
10736612
10736654
10736806
10736854
10736862
10900720
10900779
10900820
10900832
10900883
10900936
10900944
10900962
10901021
10901043
10901327
10901333
10901337
10901370
10901435
10901466
10901487
10901493
10901540
10901544
10901588
10901615
10901617
10901633
11032899
11134317
11135854
11135991
11136055
11136178
11136379
11136387
11136521
11136560
11136599
11136653
11136663
11136763
11136919
11137053
11137222
11137353
11203852
11237515
11237538
11237651
11237655
11237756
11237818
11237901
11238026
11238047
11238106
11238106
11238257
11238434
11238942
11332486
11332509
11332510
11332516
11332661
11332680
11332686
11332830
11332990
11332998
11333020
11333022
11333068
11333142
11333198
11333243
11333266
11457445
11502183
11504472
11504587
11504594
11504636
11504751
11504755
11504792
11504822
11504918
11504925
11504956
11505015
11505063
11505182
11505223
11505382
11592101
11592120
11592434
11592457
11592631
11592637
11592648
11592701
11592717
11592751
11592787
11592831
11592886
11592904
11592907
11592940
11592996
11593021
11593042
11593104
11593142
11593231
11593254
11593350
11605762
11750140
11776913
11853036
11853061
11853150
11853171
11853298
11853320
11853398
11853533
11853586
11853667
11853716
11853727
11853727
11853745
11853868
11853868
11853873
11853965
11854056
12038887
12039041
12039049
12039054
12039062
12039181
12039209
12039214
12039238
12039338
12039361
12039369
12039567
12039585
12039602
12039726
12039766
12039830
12053930
12080135
12080264
12080558
12080694
12081062
12081086
12081172
12081186
12081192
12081195
12081267
12081309
12081312
12081347
12081388
12081510
12168197
12168216
12168226
12168264
12168348
12168351
12168365
12168381
12168454
12168481
12168488
12168489
12168578
12168634
12168687
12168718
12168753
12168865
12168881
12168900
12168916
12198795
12223923
12224109
12224293
12224359
12224733
12225031
12225331
12225386
12225432
12261026
12281535
12281562
12282493
12282559
12282661
12282711
12282786
12282840
12282900
12282934
12282979
12282988
12282994
12283033
12283102
12283106
12283121
12283165
12283296
12313384
12342134
12343316
12343577
12343584
12343594
12343609
12343715
12343730
12343735
12343828
12343881
12344027
12344095
12344113
12344148
12344323
12384089
12384844
12385119
12385252
12385281
12385536
12385545
12385598
12385650
12385652
12385759
12385869
12385908
12385929
12386101
12386127
12508151
12508233
12508312
12508324
12508327
12508339
12508416
12508427
12508450
12508453
12508535
12508706
12508711
12508742
12508771
12508772
12508772
12508786
12593731
12689979
12690111
12690116
12690142
12690150
12690286
12690288
12690302
12690319
12690460
12690488
12690505
12690542
12690635
12690667
12690743
12690901
12690912
12690952
12738507
12832913
12833880
12834051
12834208
12834268
12834536
12834570
12834572
12834699
12834711
12834740
12834750
12834922
12835017
12835034
12835047
12835155
12835268
12872568
12872572
12872746
12872791
12873028
12873060
12873077
12873177
12873203
12873217
12873252
12873321
12873323
12873324
12873339
12873423
12873460
12873463
12873491
12938003
12939567
12939652
12939735
12939750
12939835
12939838
12939838
12939839
12939962
12940000
12940018
12940073
12940109
12940152
12940155
12940179
12940293
12940301
13056211
13056290
13056406
13056481
13057113
13057232
13057242
13057296
13057323
13057387
13057396
13057432
13057446
13057476
13057508
13057541
13057578
13057609
13057623
13057657
13087127
13111024
13111091
13111185
13111217
13111299
13111330
13111335
13111468
13111469
13111487
13111543
13111608
13111612
13111621
13111654
13111791
13111791
13111880
13111918
13112245
13324452
13432340
13432450
13433373
13433387
13433390
13433552
13433587
13433755
13433797
13433840
13433903
13433938
13433968
13434126
13463839
13464041
13464120
13464216
13464300
13464316
13464331
13464450
13464519
13464554
13464591
13464707
13464804
13464804
13464933
13464969
13464985
13464991
13465447
13598311
13662230
13662243
13662249
13662359
13662862
13662916
13662947
13662959
13662978
13663015
13663067
13663071
13663094
13663148
13663177
13663209
13663223
13663233
13663239
13663330
13663332
13663338
13663339
13663546
13740366
13740369
13740453
13740488
13740491
13740620
13740720
13740789
13740799
13740914
13740944
13741009
13741031
13741145
13741148
13741194
13742047
13771749
13782993
13783058
13783218
13783249
13783339
13783489
13783515
13783584
13783616
13783646
13783656
13783663
13783831
13783834
13783846
13783917
13783925
13784012
13784535
13796621
13811059
13812224
13812255
13812284
13812314
13812406
13812439
13812456
13812562
13812602
13812662
13812707
13812723
13812840
13812887
13812941
13842426
13847795
13847866
13847886
13847890
13847993
13848123
13848147
13848152
13848480
13848517
13848572
13848638
13848810
13848848
13848950
13881138
13881551
13881979
13882203
13882533
13882536
13882537
13882579
13883045
13883102
13883143
13883163
13883280
13883332
13883389
13883572
13898304
14019142
14021126
14021494
14021532
14021651
14021653
14021693
14021755
14021793
14021817
14021898
14021923
14022008
14022065
14022215
14022228
14022247
14022346
14022657
14070139
14083954
14084381
14084870
14084897
14084910
14084944
14084957
14084965
14085025
14085100
14085121
14085128
14085139
14085286
14085301
14085323
14085428
14085443
14085502
14085589
14085741
14144138
14148098
14148199
14148233
14148291
14148293
14148448
14148494
14148529
14148580
14148673
14148716
14148720
14148740
14148803
14148837
14148839
14148846
14148867
14148957
14148990
14149002
14149119
14149130
14149394
14180544
14248734
14249136
14250786
14250894
14250994
14251124
14251225
14251297
14251340
14251379
14251392
14251470
14251492
14251592
14251662
14251719
14251728
14251778
14251793
14252172
14272931
14462160
14462215
14462283
14462373
14462433
14462537
14462551
14462592
14462623
14462740
14462768
14462802
14462885
14462942
14462954
14462997
14463011
14463141
14546312
14546355
14546536
14546537
14546668
14546707
14546738
14546768
14546839
14546861
14546979
14547081
14547189
14547199
14547333
14547500
14575555
14629875
14629978
14629996
14630016
14630127
14630134
14630143
14630179
14630202
14630230
14630280
14630317
14630323
14630447
14630511
14630521
14630561
14630651
14676215
14678217
14678247
14678323
14678352
14678418
14678474
14678492
14678493
14678525
14678585
14678602
14678621
14678639
14678721
14678733
14678740
14678750
14678854
14678864
14678916
14688143
14722756
14749274
14749461
14749468
14749525
14749557
14749557
14749604
14749672
14749705
14749720
14749765
14749789
14749871
14749892
14749948
14749998
14750017
14750024
14750157
14750307
14750365
14873429
14873562
14873622
14873649
14873659
14873809
14873832
14873855
14873893
14873941
14873972
14873978
14873978
14874044
14874044
14874076
14874078
14874105
14874122
14874468
14943132
14943167
14943181
14943203
14943426
14943452
14943482
14943565
14943611
14943668
14943711
14943799
14943811
14944015
14945266
14988902
